/*--------------------------------*- C++ -*----------------------------------*\
| =========                 |                                                 |
| \\      /  F ield         | OpenFOAM: The Open Source CFD Toolbox           |
|  \\    /   O peration     | Version:  v2012                                 |
|   \\  /    A nd           | Website:  www.openfoam.com                      |
|    \\/     M anipulation  |                                                 |
\*---------------------------------------------------------------------------*/
FoamFile
{
    version     2.0;
    format      ascii;
    class       labelList;
    location    "constant/ellipse/polyMesh";
    object      cellRegionAddressing;
}
// * * * * * * * * * * * * * * * * * * * * * * * * * * * * * * * * * * * * * //


358
(
6270
6290
6310
6330
6350
12005
12010
12012
12018
12020
12024
12026
12032
12036
12042
12044
12050
12056
12058
12064
12070
12072
12077
12118
12123
12125
12129
12132
12137
12139
12143
12145
12157
12177
12183
12184
12186
12190
12197
12254
12255
12258
12276
12278
12283
12285
12293
12296
12297
12300
12302
12305
12309
12313
12316
12319
12323
12327
12330
12333
12337
12341
12351
12352
12354
12456
12461
12480
12482
12486
12488
12518
12520
12525
12526
12527
12528
12529
12530
12531
12553
12554
12555
12556
12557
12558
12559
12575
12578
12581
12582
12583
12584
12585
12586
12587
12602
12603
12606
12607
12609
12610
12611
12613
12631
12634
12692
12693
12694
12695
12696
12698
12699
12703
12706
12707
12708
12709
12710
12711
12712
12713
12714
12716
12720
12721
12722
12723
12724
12725
12726
12727
12728
12731
12733
12734
12742
12743
12744
12745
12747
12748
12752
12756
12757
12758
12759
12760
12761
12762
12763
12764
12765
12766
12767
12768
12769
12772
12774
12776
12777
12778
12779
12780
12781
12782
12783
12787
12790
12800
12804
12805
12806
12807
12808
12809
12811
12816
12819
12820
12821
12822
12823
12825
12828
12830
12840
12841
12842
12843
12844
12845
12846
12849
12854
12855
12856
12857
12858
12859
12860
12869
12872
12873
12875
12876
12877
12878
12879
12880
12881
12884
12886
12889
12890
12891
12892
12893
12894
12895
12898
12900
12902
12903
12904
12905
12906
12907
12908
12909
12911
12917
12918
12919
12920
12921
12922
12923
12938
12939
12940
12941
12942
12943
12944
12945
12947
12949
12952
12953
12954
12955
12956
12957
12958
12966
12967
12968
12969
12970
12971
12977
13016
13017
13029
13030
13031
13032
13037
13042
13053
13055
13058
13061
13064
13065
13066
13067
13068
13069
13070
13072
13073
13077
13078
13079
13080
13081
13082
13083
13084
13092
13093
13094
13095
13096
13097
13098
13100
13106
13107
13108
13109
13110
13111
13112
13162
13165
13166
13167
13169
13170
13171
13172
13173
13174
13175
13177
13179
13180
13181
13204
13206
13358
13360
13362
13363
13365
13366
13367
13368
13369
13370
13371
13374
13375
13376
13377
13379
13380
13381
13382
13383
13384
13385
13386
13387
13388
13392
13401
13406
13407
13412
13421
13422
13423
13425
13426
)


// ************************************************************************* //
