/*--------------------------------*- C++ -*----------------------------------*\
| =========                 |                                                 |
| \\      /  F ield         | OpenFOAM: The Open Source CFD Toolbox           |
|  \\    /   O peration     | Version:  v2012                                 |
|   \\  /    A nd           | Website:  www.openfoam.com                      |
|    \\/     M anipulation  |                                                 |
\*---------------------------------------------------------------------------*/
FoamFile
{
    version     2.0;
    format      ascii;
    class       faceList;
    location    "constant/ellipse/polyMesh";
    object      faces;
}
// * * * * * * * * * * * * * * * * * * * * * * * * * * * * * * * * * * * * * //


1305
(
4(0 278 445 277)
4(0 277 446 279)
4(0 279 439 278)
4(446 277 445 213)
4(445 278 439 213)
4(439 279 446 213)
4(1 286 451 285)
4(1 287 452 286)
4(1 285 455 287)
4(455 285 451 214)
4(451 286 452 214)
4(452 287 455 214)
4(2 293 460 295)
4(2 295 461 294)
4(2 294 464 293)
4(460 293 464 216)
4(464 294 461 216)
4(461 295 460 216)
4(3 300 469 302)
4(3 302 470 301)
4(3 301 435 300)
4(469 300 435 218)
4(435 301 470 218)
4(470 302 469 218)
4(4 309 478 308)
4(4 308 479 310)
4(4 310 480 309)
4(0 277 485 275)
4(0 276 486 277)
4(0 275 487 276)
4(487 275 485 222)
4(486 276 487 222)
4(485 277 486 222)
4(0 278 494 275)
4(485 275 494 224)
4(445 277 485 224)
4(494 278 445 224)
4(1 285 498 282)
4(1 282 499 283)
4(1 283 500 285)
4(499 282 498 226)
4(500 283 499 226)
4(498 285 500 226)
4(1 282 505 286)
4(1 286 506 284)
4(1 284 507 282)
4(505 282 507 228)
4(507 284 506 228)
4(506 286 505 228)
4(2 291 511 290)
4(2 292 512 291)
4(2 290 513 292)
4(513 290 511 230)
4(511 291 512 230)
4(512 292 513 230)
4(498 282 505 231)
4(451 285 498 231)
4(505 286 451 231)
4(2 291 520 293)
4(2 293 521 290)
4(511 290 521 233)
4(520 291 511 233)
4(521 293 520 233)
4(4 308 526 307)
4(4 305 527 308)
4(4 307 428 305)
4(527 305 428 236)
4(428 307 526 236)
4(526 308 527 236)
4(0 276 531 279)
4(531 276 486 238)
4(486 277 446 238)
4(446 279 531 238)
4(1 287 440 284)
4(506 284 440 240)
4(452 286 506 240)
4(440 287 452 240)
4(2 295 536 291)
4(2 292 537 295)
4(512 291 536 242)
4(537 292 512 242)
4(536 295 537 242)
4(536 291 520 244)
4(520 293 460 244)
4(460 295 536 244)
4(2 292 544 294)
4(544 292 537 246)
4(461 294 544 246)
4(537 295 461 246)
4(3 302 548 298)
4(3 299 549 302)
4(3 298 550 299)
4(550 298 548 248)
4(549 299 550 248)
4(548 302 549 248)
4(3 300 554 298)
4(548 298 554 250)
4(554 300 469 250)
4(469 302 548 250)
4(3 299 429 301)
4(429 299 549 251)
4(470 301 429 251)
4(549 302 470 251)
4(4 307 559 309)
4(4 309 560 306)
4(4 306 431 307)
4(431 306 560 253)
4(559 307 431 253)
4(560 309 559 253)
4(526 307 559 254)
4(478 308 526 254)
4(559 309 478 254)
4(0 275 562 280)
4(0 280 563 276)
4(0 278 441 280)
4(441 278 494 257)
4(1 284 442 283)
4(507 282 499 258)
4(499 283 442 258)
4(442 284 507 258)
4(161 68 159 127)
4(18 126 161 127)
4(47 103 160 123)
4(47 127 161 103)
4(2 290 576 294)
4(576 290 513 262)
4(513 292 544 262)
4(544 294 576 262)
4(3 298 578 303)
4(3 303 434 299)
4(578 298 550 264)
4(550 299 434 264)
4(434 303 578 264)
4(521 290 576 265)
4(464 293 521 265)
4(576 294 464 265)
4(3 300 436 303)
4(554 298 578 267)
4(436 300 554 267)
4(578 303 436 267)
4(4 305 437 310)
4(0 280 443 279)
4(172 132 171 71)
4(21 88 171 132)
4(173 71 171 135)
4(22 135 171 89)
4(22 136 173 135)
4(43 132 171 135)
4(43 107 172 132)
4(43 135 173 107)
4(1 283 444 287)
4(444 283 500 271)
4(500 285 455 271)
4(455 287 444 271)
4(4 310 438 306)
4(560 306 438 273)
4(180 73 171 132)
4(181 135 171 73)
4(22 135 181 134)
4(43 132 180 96)
4(43 96 181 135)
4(186 128 185 74)
4(19 128 186 86)
4(19 129 185 128)
4(19 86 164 129)
4(47 123 186 128)
4(47 128 185 100)
4(187 128 186 75)
4(19 130 166 86)
4(19 128 187 130)
4(47 103 187 128)
4(56 106 190 151)
4(56 146 188 106)
4(56 151 191 146)
4(192 77 189 148)
4(39 90 192 148)
4(39 148 189 147)
4(190 77 192 151)
4(41 151 192 91)
4(56 148 192 151)
4(56 106 189 148)
4(196 78 193 139)
4(33 93 196 139)
4(33 140 197 93)
4(33 139 193 140)
4(60 139 196 153)
4(60 109 193 139)
4(176 138 195 79)
4(29 138 176 137)
4(60 153 199 112)
4(60 112 176 138)
4(196 139 198 80)
4(33 93 200 141)
4(33 141 198 139)
4(60 139 198 112)
4(201 81 204 142)
4(33 142 204 93)
4(33 140 201 142)
4(63 115 203 154)
4(63 154 204 142)
4(63 142 201 115)
4(205 82 202 143)
4(37 143 202 144)
4(63 115 202 143)
4(177 142 204 83)
4(33 142 177 141)
4(63 118 177 142)
4(192 148 209 84)
4(39 149 209 148)
4(192 84 210 151)
4(56 148 209 121)
4(56 121 210 151)
4(424 211 422 333)
4(19 333 422 86)
4(19 130 424 333)
4(162 416 422 333)
4(162 333 424 412)
4(3 303 616 301)
4(434 299 429 590)
4(616 590 429 301)
4(434 590 616 303)
4(4 306 618 305)
4(618 592 428 305)
4(431 592 618 306)
4(431 307 428 592)
4(435 300 436 593)
4(616 301 435 593)
4(436 303 616 593)
4(438 306 618 594)
4(439 278 441 595)
4(442 283 444 596)
4(440 284 442 596)
4(444 287 440 596)
4(447 340 445 213)
4(447 213 446 341)
4(23 277 445 340)
4(23 341 446 277)
4(23 340 447 341)
4(448 213 445 343)
4(448 345 439 213)
4(24 343 445 278)
4(24 345 448 343)
4(24 278 439 345)
4(449 347 446 213)
4(449 213 439 348)
4(25 279 446 347)
4(447 402 448 213)
4(46 340 445 343)
4(46 402 447 340)
4(46 343 448 402)
4(449 407 447 213)
4(57 347 446 341)
4(57 341 447 407)
4(448 213 449 414)
4(72 407 447 402)
4(72 402 448 414)
4(174 414 448 345)
4(174 345 439 348)
4(453 214 454 321)
4(453 111 176 214)
4(176 112 454 214)
4(12 321 454 112)
4(453 357 451 214)
4(455 358 453 214)
4(27 285 451 357)
4(27 357 453 358)
4(27 358 455 285)
4(454 214 451 361)
4(454 362 452 214)
4(28 361 451 286)
4(28 286 452 362)
4(28 362 454 361)
4(176 137 455 214)
4(452 138 176 214)
4(29 138 452 287)
4(29 287 455 137)
4(51 357 451 361)
4(51 321 453 357)
4(51 361 454 321)
4(59 358 453 111)
4(59 137 455 358)
4(60 362 452 138)
4(60 112 454 362)
4(459 215 457 369)
4(30 370 456 289)
4(30 369 457 370)
4(30 289 459 369)
4(52 322 457 369)
4(52 371 458 322)
4(52 369 459 371)
4(462 216 463 323)
4(462 117 177 216)
4(177 118 463 216)
4(14 323 463 118)
4(464 216 462 374)
4(462 216 460 375)
4(31 375 460 293)
4(31 374 462 375)
4(31 293 464 374)
4(464 377 463 216)
4(463 378 461 216)
4(32 294 461 378)
4(32 378 463 377)
4(32 377 464 294)
4(177 141 460 216)
4(461 142 177 216)
4(33 295 460 141)
4(33 142 461 295)
4(53 377 463 323)
4(53 374 464 377)
4(62 141 460 375)
4(63 378 461 142)
4(63 118 463 378)
4(466 217 467 325)
4(468 217 466 119)
4(15 119 466 325)
4(15 325 467 326)
4(466 381 426 217)
4(466 217 465 382)
4(34 382 465 297)
4(34 381 466 382)
4(34 297 426 381)
4(55 325 466 381)
4(55 384 467 325)
4(55 381 426 384)
4(64 385 465 382)
4(64 382 466 119)
4(35 387 469 300)
4(35 300 435 389)
4(472 391 470 218)
4(36 301 470 391)
4(36 391 472 392)
4(36 392 435 301)
4(473 218 470 145)
4(37 302 469 393)
4(37 145 470 302)
4(66 391 470 145)
4(66 409 472 391)
4(476 396 474 219)
4(38 304 474 396)
4(38 397 475 304)
4(38 396 476 397)
4(56 396 474 146)
4(56 121 476 396)
4(56 146 477 121)
4(43 337 482 96)
4(43 132 483 337)
4(481 222 484 311)
4(181 96 484 222)
4(485 222 481 330)
4(17 275 485 330)
4(486 135 181 222)
4(22 135 486 276)
4(485 338 484 222)
4(486 222 484 339)
4(23 339 484 338)
4(23 338 485 277)
4(23 277 486 339)
4(42 330 485 338)
4(43 96 484 339)
4(43 339 486 135)
4(484 223 489 339)
4(23 281 488 338)
4(23 339 489 281)
4(43 337 489 339)
4(492 224 421 312)
4(421 224 493 97)
4(493 224 492 314)
4(6 314 492 312)
4(6 97 493 314)
4(421 224 485 330)
4(494 224 421 331)
4(492 338 485 224)
4(492 224 445 340)
4(23 338 492 340)
4(494 342 493 224)
4(493 343 445 224)
4(24 343 493 342)
4(24 342 494 278)
4(44 342 493 97)
4(44 331 494 342)
4(46 340 492 314)
4(46 314 493 343)
4(492 225 495 314)
4(6 314 495 313)
4(496 225 492 340)
4(23 281 496 340)
4(46 349 495 314)
4(46 340 496 349)
4(182 97 493 226)
4(497 98 182 226)
4(497 226 493 314)
4(6 98 497 314)
4(499 124 182 226)
4(182 126 498 226)
4(18 282 498 126)
4(18 124 499 282)
4(499 226 493 342)
4(493 226 500 343)
4(24 283 499 342)
4(24 343 500 283)
4(498 355 497 226)
4(500 226 497 356)
4(27 356 497 355)
4(27 355 498 285)
4(27 285 500 356)
4(44 342 499 124)
4(45 355 497 98)
4(45 126 498 355)
4(46 314 497 356)
4(46 356 500 343)
4(491 98 497 227)
4(495 227 497 314)
4(501 227 497 355)
4(497 227 502 356)
4(27 288 501 355)
4(27 356 502 288)
4(45 355 501 332)
4(46 349 502 356)
4(184 100 504 228)
4(503 228 504 315)
4(7 315 504 100)
4(505 127 184 228)
4(18 127 505 282)
4(18 282 507 125)
4(506 228 503 352)
4(26 284 506 352)
4(26 351 507 284)
4(505 228 504 359)
4(506 360 504 228)
4(28 359 504 360)
4(28 286 505 359)
4(28 360 506 286)
4(47 100 504 359)
4(47 359 505 127)
4(49 360 504 315)
4(49 352 506 360)
4(30 368 508 367)
4(30 289 509 368)
4(30 367 510 289)
4(185 230 504 100)
4(185 101 508 230)
4(504 230 508 315)
4(185 128 511 230)
4(513 129 185 230)
4(19 290 511 128)
4(19 129 513 290)
4(511 359 504 230)
4(512 230 504 360)
4(28 359 511 291)
4(28 291 512 360)
4(513 230 508 367)
4(508 230 512 368)
4(30 368 512 292)
4(30 292 513 367)
4(47 128 511 359)
4(48 367 513 129)
4(49 360 512 368)
4(161 102 515 231)
4(516 103 161 231)
4(516 231 515 316)
4(8 103 516 316)
4(161 231 498 126)
4(161 127 505 231)
4(515 355 498 231)
4(515 231 451 357)
4(27 355 515 357)
4(516 231 505 359)
4(516 361 451 231)
4(28 361 516 359)
4(45 102 515 355)
4(47 359 516 103)
4(51 357 515 316)
4(51 316 516 361)
4(501 355 515 232)
4(518 232 515 357)
4(27 288 518 357)
4(51 365 517 316)
4(51 357 518 365)
4(187 103 516 233)
4(519 104 187 233)
4(519 233 516 316)
4(187 233 511 128)
4(187 130 521 233)
4(19 290 521 130)
4(511 233 516 359)
4(516 233 520 361)
4(28 361 520 291)
4(521 372 519 233)
4(520 233 519 373)
4(31 373 519 372)
4(31 293 520 373)
4(31 372 521 293)
4(50 130 521 372)
4(51 316 519 373)
4(51 373 520 361)
4(519 234 522 373)
4(31 373 522 296)
4(31 296 523 372)
4(51 365 522 373)
4(525 235 474 396)
4(38 394 525 396)
4(38 304 427 394)
4(56 396 525 106)
4(524 236 525 317)
4(525 236 189 106)
4(428 236 524 335)
4(20 305 428 335)
4(428 394 525 236)
4(526 236 525 396)
4(38 307 526 396)
4(38 394 428 307)
4(526 148 189 236)
4(39 148 526 308)
4(54 335 428 394)
4(56 396 526 148)
4(43 107 528 337)
4(529 107 173 238)
4(529 238 530 318)
4(173 135 486 238)
4(529 238 486 339)
4(529 341 446 238)
4(23 341 529 339)
4(530 238 446 347)
4(43 339 529 107)
4(489 239 529 339)
4(23 341 532 281)
4(533 240 450 319)
4(450 240 534 320)
4(534 240 533 109)
4(11 109 533 319)
4(450 240 506 352)
4(440 240 450 353)
4(26 284 440 353)
4(533 360 506 240)
4(533 240 452 362)
4(28 360 533 362)
4(534 240 440 363)
4(534 138 452 240)
4(29 363 440 287)
4(49 319 533 360)
4(60 362 533 109)
4(30 370 535 368)
4(533 319 535 242)
4(533 242 193 109)
4(193 242 535 110)
4(512 360 533 242)
4(536 242 533 362)
4(28 291 536 362)
4(512 242 535 368)
4(535 242 537 370)
4(30 370 537 292)
4(536 139 193 242)
4(193 140 537 242)
4(33 139 536 295)
4(33 295 537 140)
4(60 362 536 139)
4(61 140 537 370)
4(453 243 518 357)
4(540 243 453 358)
4(27 288 540 358)
4(51 321 538 365)
4(59 358 540 366)
4(454 244 541 321)
4(198 244 454 112)
4(198 113 541 244)
4(454 361 520 244)
4(454 244 536 362)
4(541 244 520 373)
4(541 375 460 244)
4(31 375 541 373)
4(198 139 536 244)
4(198 244 460 141)
4(51 373 541 321)
4(522 245 541 373)
4(31 375 542 296)
4(543 246 457 322)
4(457 246 201 114)
4(543 115 201 246)
4(13 115 543 322)
4(544 369 457 246)
4(457 370 537 246)
4(30 369 544 292)
4(544 246 543 376)
4(543 246 461 378)
4(32 376 543 378)
4(32 294 544 376)
4(201 246 537 140)
4(201 142 461 246)
4(52 322 543 376)
4(52 376 544 369)
4(63 378 543 115)
4(547 380 545 247)
4(545 382 465 247)
4(34 382 545 380)
4(34 380 547 297)
4(52 380 545 322)
4(52 371 547 380)
4(64 116 545 382)
4(543 322 545 248)
4(543 248 202 115)
4(202 248 545 116)
4(550 376 543 248)
4(548 248 543 378)
4(32 298 548 378)
4(32 376 550 298)
4(550 248 545 380)
4(545 248 549 382)
4(34 382 549 299)
4(34 299 550 380)
4(548 143 202 248)
4(202 144 549 248)
4(37 143 548 302)
4(37 302 549 144)
4(52 380 550 376)
4(63 378 548 143)
4(64 144 549 382)
4(31 374 551 296)
4(463 250 552 323)
4(553 250 463 118)
4(552 250 553 324)
4(554 250 463 377)
4(463 250 548 378)
4(32 298 554 377)
4(554 386 552 250)
4(552 387 469 250)
4(35 386 554 300)
4(553 143 548 250)
4(553 250 469 393)
4(53 377 554 386)
4(555 251 466 325)
4(466 251 208 119)
4(555 120 208 251)
4(15 120 555 325)
4(429 381 466 251)
4(466 382 549 251)
4(34 381 429 299)
4(555 390 429 251)
4(555 251 470 391)
4(36 390 555 391)
4(36 301 429 390)
4(208 251 549 144)
4(208 145 470 251)
4(55 325 555 390)
4(55 390 429 381)
4(66 391 555 120)
4(467 252 556 325)
4(15 325 556 327)
4(556 252 430 395)
4(38 397 556 395)
4(38 395 430 304)
4(55 395 556 325)
4(55 384 430 395)
4(555 325 556 253)
4(555 253 558 120)
4(558 253 556 327)
4(431 390 555 253)
4(560 253 555 391)
4(36 306 560 391)
4(36 390 431 306)
4(431 253 556 395)
4(556 253 559 397)
4(38 397 559 307)
4(38 307 431 395)
4(560 398 558 253)
4(559 253 558 399)
4(40 309 559 399)
4(55 395 431 390)
4(66 391 560 398)
4(67 399 559 397)
4(209 254 476 121)
4(476 254 561 328)
4(476 254 526 396)
4(476 397 559 254)
4(209 148 526 254)
4(561 254 559 399)
4(566 342 494 257)
4(24 342 566 344)
4(24 344 441 278)
4(44 401 566 342)
4(499 258 565 124)
4(499 342 566 258)
4(24 283 442 344)
4(26 354 442 284)
4(569 333 422 259)
4(19 333 569 129)
4(162 416 568 410)
4(162 410 569 333)
4(572 418 571 260)
4(87 419 571 418)
4(162 418 571 410)
4(573 261 459 369)
4(30 367 573 369)
4(52 369 573 405)
4(52 405 574 371)
4(513 262 569 129)
4(576 333 569 262)
4(19 333 576 290)
4(573 262 513 367)
4(544 262 573 369)
4(575 262 544 376)
4(576 262 575 379)
4(32 379 575 376)
4(32 294 576 379)
4(569 403 573 262)
4(575 262 573 405)
4(52 376 575 405)
4(575 262 569 410)
4(69 405 575 410)
4(162 410 575 379)
4(162 379 576 333)
4(577 380 547 263)
4(577 263 433 383)
4(34 380 577 383)
4(34 383 433 297)
4(52 405 577 380)
4(163 383 577 411)
4(163 417 433 383)
4(550 264 575 376)
4(578 379 575 264)
4(32 379 578 298)
4(550 380 577 264)
4(434 264 577 383)
4(34 299 434 383)
4(575 405 577 264)
4(571 264 575 410)
4(577 264 571 411)
4(578 264 571 418)
4(571 264 434 419)
4(87 303 578 418)
4(87 419 434 303)
4(162 418 578 379)
4(163 383 434 419)
4(424 265 521 130)
4(424 333 576 265)
4(580 372 521 265)
4(580 265 464 374)
4(31 372 580 374)
4(581 377 464 265)
4(581 265 576 379)
4(32 377 581 379)
4(580 404 424 265)
4(581 406 580 265)
4(53 406 581 377)
4(424 265 581 412)
4(70 412 581 406)
4(162 379 581 412)
4(581 267 554 377)
4(578 267 581 379)
4(582 386 554 267)
4(582 267 436 388)
4(35 388 436 300)
4(582 406 581 267)
4(579 412 581 267)
4(579 267 582 413)
4(578 418 579 267)
4(436 267 579 420)
4(87 303 436 420)
4(447 270 496 340)
4(447 341 532 270)
4(583 402 447 270)
4(46 402 583 349)
4(447 407 584 270)
4(72 415 583 402)
4(448 343 500 271)
4(444 345 448 271)
4(24 345 444 283)
4(585 271 500 356)
4(585 358 455 271)
4(27 358 585 356)
4(586 271 455 137)
4(586 364 444 271)
4(29 287 444 364)
4(448 402 585 271)
4(46 356 585 402)
4(585 408 586 271)
4(59 408 585 358)
4(586 271 448 414)
4(72 402 585 408)
4(174 364 444 345)
4(502 272 585 356)
4(585 272 540 358)
4(583 272 585 402)
4(587 408 585 272)
4(472 273 560 391)
4(36 306 438 392)
4(426 381 613 589)
4(613 383 433 589)
4(34 383 613 381)
4(614 600 613 589)
4(55 381 613 600)
4(55 600 614 384)
4(613 603 608 589)
4(163 603 613 383)
4(212 600 613 603)
4(212 605 614 600)
4(429 590 613 381)
4(434 383 613 590)
4(429 390 615 590)
4(616 590 615 598)
4(36 598 615 390)
4(36 301 616 598)
4(613 600 615 590)
4(55 390 615 600)
4(434 590 610 419)
4(616 601 610 590)
4(87 601 616 303)
4(610 603 613 590)
4(615 590 610 606)
4(212 600 615 606)
4(425 606 615 598)
4(425 598 616 601)
4(427 394 617 591)
4(617 395 430 591)
4(38 395 617 394)
4(611 599 617 591)
4(54 394 617 599)
4(617 600 614 591)
4(55 600 617 395)
4(212 599 617 600)
4(428 335 612 592)
4(618 592 612 597)
4(431 592 615 390)
4(618 598 615 592)
4(36 598 618 306)
4(428 592 617 394)
4(431 395 617 592)
4(617 599 612 592)
4(615 600 617 592)
4(612 592 615 606)
4(425 597 618 598)
4(621 593 616 598)
4(36 392 621 598)
4(609 601 616 593)
4(425 598 621 607)
4(618 594 621 598)
4(439 345 622 595)
4(24 344 622 345)
4(174 345 622 604)
4(622 596 442 344)
4(444 596 622 345)
4(442 596 624 354)
4(444 364 625 596)
4(159 68 158 85)
4(166 86 422 211)
4(169 71 171 88)
4(171 71 170 89)
4(456 215 459 289)
4(465 217 426 297)
4(475 219 474 304)
4(479 308 478 220)
4(478 309 480 220)
4(480 310 479 220)
4(171 73 155 88)
4(156 73 171 89)
4(489 223 488 281)
4(488 225 496 281)
4(502 227 501 288)
4(186 74 164 86)
4(510 229 509 289)
4(166 75 186 86)
4(501 232 518 288)
4(522 234 523 296)
4(474 235 427 304)
4(167 77 192 90)
4(192 77 168 91)
4(532 239 489 281)
4(509 241 456 289)
4(197 78 196 93)
4(518 243 540 288)
4(542 245 522 296)
4(175 79 195 92)
4(196 80 200 93)
4(547 247 465 297)
4(204 81 197 93)
4(206 82 205 94)
4(551 249 542 296)
4(200 83 204 93)
4(430 252 475 304)
4(192 84 178 90)
4(179 84 192 91)
4(562 275 487 256)
4(487 276 563 256)
4(563 280 562 256)
4(494 275 562 257)
4(562 280 441 257)
4(160 103 161 68)
4(8 102 161 103)
4(160 68 159 123)
4(161 126 158 68)
4(18 85 158 126)
4(18 127 159 85)
4(45 126 161 102)
4(47 123 159 127)
4(164 259 422 86)
4(572 260 432 274)
4(459 261 510 289)
4(433 263 547 297)
4(523 266 551 296)
4(437 305 527 268)
4(527 308 479 268)
4(479 310 437 268)
4(563 276 531 269)
4(531 279 443 269)
4(443 280 563 269)
4(172 107 173 71)
4(10 108 173 107)
4(172 71 169 133)
4(21 132 172 133)
4(21 133 169 88)
4(173 136 170 71)
4(22 89 170 136)
4(496 270 532 281)
4(540 272 502 288)
4(480 309 560 273)
4(438 310 480 273)
4(181 96 180 73)
4(5 96 181 95)
4(180 131 155 73)
4(21 131 180 132)
4(21 88 155 131)
4(181 73 156 134)
4(22 134 156 89)
4(6 97 182 98)
4(18 126 182 124)
4(44 124 182 97)
4(45 98 182 126)
4(7 100 184 99)
4(18 125 184 127)
4(47 100 183 123)
4(47 127 184 100)
4(183 100 185 74)
4(7 101 185 100)
4(186 123 183 74)
4(185 129 164 74)
4(48 129 185 101)
4(187 103 160 75)
4(8 103 187 104)
4(160 123 186 75)
4(187 75 166 130)
4(50 104 187 130)
4(190 106 188 76)
4(188 146 191 76)
4(191 151 190 76)
4(41 150 190 151)
4(189 106 190 77)
4(9 106 189 105)
4(167 147 189 77)
4(39 147 167 90)
4(168 77 190 150)
4(41 91 168 150)
4(193 109 194 78)
4(11 109 193 110)
4(193 78 197 140)
4(196 78 194 153)
4(60 153 194 109)
4(61 110 193 140)
4(176 112 199 79)
4(12 112 176 111)
4(175 137 176 79)
4(29 92 195 138)
4(29 137 175 92)
4(199 153 195 79)
4(59 111 176 137)
4(60 138 195 153)
4(198 80 199 112)
4(12 113 198 112)
4(200 80 198 141)
4(196 153 199 80)
4(62 141 198 113)
4(203 115 201 81)
4(13 114 201 115)
4(197 81 201 140)
4(204 154 203 81)
4(61 140 201 114)
4(202 115 203 82)
4(13 115 202 116)
4(202 82 206 144)
4(37 144 206 94)
4(37 94 205 143)
4(205 82 203 154)
4(63 143 205 154)
4(64 116 202 144)
4(177 118 207 83)
4(14 118 177 117)
4(177 83 200 141)
4(207 154 204 83)
4(62 117 177 141)
4(63 154 207 118)
4(15 119 208 120)
4(37 145 208 144)
4(64 144 208 119)
4(66 120 208 145)
4(209 84 210 121)
4(16 122 209 121)
4(178 84 209 149)
4(39 90 178 149)
4(210 84 179 152)
4(41 151 210 152)
4(41 152 179 91)
4(6 312 421 97)
4(17 331 421 330)
4(42 330 421 312)
4(44 97 421 331)
4(424 130 166 211)
4(50 130 424 404)
4(423 412 424 211)
4(70 404 424 412)
4(423 211 422 416)
4(162 412 423 416)
4(426 589 433 297)
4(427 591 430 304)
4(618 305 437 594)
4(437 310 438 594)
4(443 279 439 595)
4(441 280 443 595)
4(25 347 449 348)
4(25 348 439 279)
4(57 407 449 347)
4(72 414 449 407)
4(174 348 449 414)
4(11 319 450 320)
4(26 353 450 352)
4(49 352 450 319)
4(58 320 450 353)
4(12 111 453 321)
4(457 322 458 215)
4(13 322 457 114)
4(457 215 456 370)
4(459 215 458 371)
4(61 114 457 370)
4(14 117 462 323)
4(53 323 462 374)
4(62 375 462 117)
4(467 217 468 326)
4(15 326 468 119)
4(467 384 426 217)
4(468 217 465 385)
4(64 119 468 385)
4(471 218 469 387)
4(471 389 435 218)
4(35 389 471 387)
4(472 218 435 392)
4(473 393 469 218)
4(37 393 473 145)
4(65 387 469 393)
4(472 409 473 218)
4(66 145 473 409)
4(476 121 477 219)
4(16 121 476 328)
4(476 219 475 397)
4(477 146 474 219)
4(67 328 476 397)
4(39 149 478 308)
4(40 309 478 400)
4(5 95 481 311)
4(17 330 481 329)
4(42 311 481 330)
4(482 221 180 96)
4(180 221 483 132)
4(483 221 482 337)
4(181 222 481 95)
4(5 311 484 96)
4(487 329 481 222)
4(17 329 487 275)
4(181 134 487 222)
4(22 276 487 134)
4(42 338 484 311)
4(482 96 484 223)
4(489 337 482 223)
4(488 223 484 338)
4(17 275 494 331)
4(42 312 492 338)
4(490 225 492 312)
4(495 225 490 313)
4(6 313 490 312)
4(488 338 492 225)
4(496 225 495 349)
4(491 227 495 313)
4(6 98 491 313)
4(491 332 501 227)
4(502 349 495 227)
4(45 332 491 98)
4(7 99 503 315)
4(26 352 503 351)
4(49 315 503 352)
4(184 228 503 99)
4(184 125 507 228)
4(507 351 503 228)
4(7 315 508 101)
4(510 367 508 229)
4(509 229 508 368)
4(48 101 508 367)
4(49 368 508 315)
4(8 316 515 102)
4(514 102 515 232)
4(515 316 517 232)
4(501 332 514 232)
4(518 232 517 365)
4(45 102 514 332)
4(8 104 519 316)
4(50 372 519 104)
4(517 316 519 234)
4(522 365 517 234)
4(523 234 519 372)
4(9 105 524 317)
4(20 335 524 336)
4(54 317 524 335)
4(525 235 188 106)
4(9 317 525 106)
4(525 394 427 235)
4(188 235 474 146)
4(54 394 525 317)
4(54 334 427 394)
4(189 236 524 105)
4(524 236 527 336)
4(20 336 527 305)
4(189 147 527 236)
4(39 308 527 147)
4(172 237 528 107)
4(172 132 483 237)
4(528 237 483 337)
4(173 108 530 238)
4(10 107 529 318)
4(10 318 530 108)
4(531 136 173 238)
4(22 136 531 276)
4(531 238 530 346)
4(25 346 530 347)
4(25 279 531 346)
4(57 318 529 341)
4(57 347 530 318)
4(528 239 529 107)
4(489 239 528 337)
4(529 239 532 341)
4(57 341 532 350)
4(11 320 534 109)
4(29 138 534 363)
4(58 363 534 320)
4(58 353 440 363)
4(60 109 534 138)
4(11 110 535 319)
4(535 241 509 368)
4(535 370 456 241)
4(49 319 535 368)
4(61 370 535 110)
4(538 321 453 243)
4(453 111 539 243)
4(538 243 518 365)
4(540 243 539 366)
4(59 366 539 111)
4(12 321 541 113)
4(62 113 541 375)
4(538 245 541 321)
4(522 245 538 365)
4(541 245 542 375)
4(458 322 545 247)
4(545 116 546 247)
4(13 116 545 322)
4(547 371 458 247)
4(546 385 465 247)
4(64 385 546 116)
4(551 374 462 249)
4(462 375 542 249)
4(14 323 552 324)
4(14 324 553 118)
4(35 387 552 386)
4(37 143 553 393)
4(53 386 552 323)
4(63 118 553 143)
4(65 324 552 387)
4(65 393 553 324)
4(557 252 467 326)
4(556 252 557 327)
4(15 327 557 326)
4(430 384 467 252)
4(556 397 475 252)
4(67 397 556 327)
4(15 120 558 327)
4(40 399 558 398)
4(40 398 560 309)
4(66 398 558 120)
4(67 327 558 399)
4(209 122 561 254)
4(16 328 561 122)
4(209 254 478 149)
4(561 400 478 254)
4(40 400 561 399)
4(67 399 561 328)
4(477 121 210 255)
4(191 146 477 255)
4(191 255 210 151)
4(18 124 565 125)
4(44 401 565 124)
4(564 331 494 257)
4(566 257 441 344)
4(566 401 564 257)
4(44 331 564 401)
4(26 351 567 354)
4(507 125 565 258)
4(442 258 566 344)
4(507 258 567 351)
4(442 354 567 258)
4(565 401 566 258)
4(157 354 442 344)
4(164 129 569 259)
4(48 403 569 129)
4(569 410 568 259)
4(69 410 569 403)
4(568 416 422 259)
4(163 411 570 417)
4(568 410 571 260)
4(69 411 571 410)
4(572 416 568 260)
4(571 419 432 260)
4(87 418 572 274)
4(87 274 432 419)
4(162 416 572 418)
4(163 419 571 411)
4(573 367 510 261)
4(574 261 459 371)
4(48 367 573 403)
4(574 405 573 261)
4(69 403 573 405)
4(574 371 547 263)
4(577 405 574 263)
4(570 411 577 263)
4(69 405 577 411)
4(433 417 570 263)
4(70 412 579 413)
4(87 420 579 418)
4(162 418 579 412)
4(165 413 579 420)
4(50 404 580 372)
4(53 374 580 406)
4(70 406 580 404)
4(580 266 523 372)
4(551 266 580 374)
4(35 386 582 388)
4(53 406 582 386)
4(70 413 582 406)
4(165 388 582 413)
4(165 420 436 388)
4(583 270 496 349)
4(584 350 532 270)
4(57 350 584 407)
4(584 270 583 415)
4(72 407 584 415)
4(29 364 586 137)
4(59 137 586 408)
4(72 408 586 414)
4(174 414 586 364)
4(502 272 583 349)
4(587 272 540 366)
4(59 408 587 366)
4(583 272 587 415)
4(72 415 587 408)
4(438 273 472 392)
4(588 273 560 398)
4(588 409 472 273)
4(66 409 588 398)
4(87 601 609 420)
4(425 607 609 601)
4(87 419 610 601)
4(163 603 610 419)
4(212 606 610 603)
4(425 601 610 606)
4(20 597 612 335)
4(54 335 612 599)
4(212 599 612 606)
4(425 606 612 597)
4(614 589 426 384)
4(433 589 608 417)
4(163 417 608 603)
4(608 589 614 605)
4(212 603 608 605)
4(427 334 611 591)
4(614 384 430 591)
4(54 599 611 334)
4(611 605 614 591)
4(212 605 611 599)
4(20 305 618 597)
4(620 388 436 593)
4(435 389 620 593)
4(35 388 620 389)
4(621 392 435 593)
4(436 420 609 593)
4(609 607 621 593)
4(618 594 619 597)
4(621 594 438 392)
4(619 594 621 607)
4(425 597 619 607)
4(622 344 441 595)
4(623 595 439 348)
4(157 344 622 602)
4(623 604 622 595)
4(174 604 623 348)
4(26 354 624 353)
4(157 602 624 354)
4(440 353 624 596)
4(625 363 440 596)
4(29 363 625 364)
4(624 602 622 596)
4(625 596 622 604)
4(174 364 625 604)
)


// ************************************************************************* //
