/*--------------------------------*- C++ -*----------------------------------*\
| =========                 |                                                 |
| \\      /  F ield         | OpenFOAM: The Open Source CFD Toolbox           |
|  \\    /   O peration     | Version:  v2012                                 |
|   \\  /    A nd           | Website:  www.openfoam.com                      |
|    \\/     M anipulation  |                                                 |
\*---------------------------------------------------------------------------*/
FoamFile
{
    version     2.0;
    format      ascii;
    class       labelList;
    location    "constant/ellipse/polyMesh";
    object      faceRegionAddressing;
}
// * * * * * * * * * * * * * * * * * * * * * * * * * * * * * * * * * * * * * //


1305
(
18885
18886
18887
18888
18889
18890
18967
18968
18969
18970
18971
18972
19053
19054
19055
19056
19057
19058
19139
19140
19141
19142
19143
19144
19229
19230
19231
35547
35548
35549
35550
35551
35552
35574
35575
35576
35577
35583
35584
35585
35586
35587
35588
35616
35617
35618
35619
35620
35621
35628
35629
35630
35631
35632
35633
35648
35649
35650
35656
35657
35658
35659
35660
35688
35689
35690
35691
35692
35693
35710
35711
35712
35713
35742
35743
35744
35745
35750
35751
35752
35753
35754
35782
35783
35784
35811
35812
35813
35814
35820
35821
35822
35823
35824
35825
35851
35852
35853
35854
35880
35881
35882
35883
35889
35890
35891
35892
35893
35894
35916
35917
35918
36167
36168
36197
36199
36206
36207
36208
36209
36227
36230
36238
36239
36259
36260
36261
36262
36268
36269
36270
36271
36272
36287
36288
36289
36294
36295
36296
36297
36378
36494
36537
36539
36542
36544
36545
36552
36553
36554
36564
36565
36566
36567
36595
36596
36941
36945
36946
36954
36955
37018
37020
37021
37022
37025
37026
37043
37045
37046
37049
37080
37081
37082
37094
37095
37096
37099
37100
37107
37108
37115
37117
37118
37119
37130
37131
37146
37147
37163
37164
37174
37176
37177
37186
37199
37200
37201
37213
37214
37215
37224
37227
37238
37252
37253
37264
37299
37301
37303
37312
37313
37790
37791
37792
37809
37811
37905
37906
37907
37908
37912
37913
37914
37915
37943
37944
37945
37951
38058
38065
38066
38067
38099
38100
38101
38102
38103
38104
38105
38106
38107
38108
38109
38110
38111
38114
38115
38116
38117
38118
38119
38120
38122
38123
38124
38126
38128
38239
38240
38241
38243
38244
38245
38246
38247
38248
38249
38250
38251
38252
38253
38254
38255
38256
38257
38258
38259
38260
38261
38262
38263
38264
38350
38352
38353
38354
38365
38366
38367
38374
38375
38376
38378
38379
38380
38381
38382
38383
38384
38385
38386
38387
38388
38389
38390
38391
38392
38394
38395
38396
38398
38399
38477
38478
38480
38481
38483
38484
38485
38486
38487
38498
38499
38500
38501
38502
38509
38511
38512
38514
38515
38516
38518
38519
38520
38527
38528
38599
38601
38602
38603
38614
38615
38616
38809
38810
38812
38813
38816
38817
38820
38821
38823
38824
38825
38826
38827
38830
38831
38832
38847
38848
38849
38854
38855
38856
38857
38858
38859
38860
38861
38863
38864
38865
38866
38867
38868
38869
38871
38872
38873
38874
38877
38878
38885
38886
38896
38897
38898
38899
38900
38901
38902
38903
38904
38905
38906
38907
38908
38909
38910
38911
38912
38913
38914
38915
38916
38917
38918
38919
38921
38922
38933
38934
38935
38936
38939
38941
38967
38968
38969
38971
38972
38973
38975
38976
38977
38978
38979
38980
38981
38982
38984
38985
38986
38987
39004
39005
39006
39014
39015
39016
39017
39018
39019
39020
39021
39022
39023
39024
39025
39026
39027
39028
39029
39030
39031
39032
39033
39034
39036
39037
39038
39039
39040
39041
39042
39043
39044
39045
39046
39047
39048
39058
39059
39060
39070
39071
39072
39073
39074
39076
39077
39078
39079
39080
39081
39082
39083
39084
39085
39086
39088
39089
39090
39105
39106
39107
39112
39145
39146
39147
39154
39155
39157
39158
39161
39162
39163
39164
39165
39167
39168
39170
39172
39190
39196
39198
39201
39204
39205
39206
39208
39211
39223
39225
39258
39259
39260
39261
39263
39264
39265
39266
39267
39268
39269
39270
39272
39273
39276
39288
39298
39299
39300
39301
39302
39303
39304
39305
39306
39307
39308
39309
39310
39311
39312
39334
39335
39336
39346
39347
39352
39353
39354
39356
39357
39358
39359
39360
39361
39362
39363
39372
39374
39384
39385
39386
39387
39388
39389
39390
39391
39392
39393
39394
39395
39396
39397
39398
39399
39409
39410
39411
39412
39417
39418
39421
39423
39424
39425
39426
39427
39428
39429
39430
39431
39432
39433
39434
39435
39436
39437
39438
39439
39440
39448
39464
39465
39466
39469
39470
39471
39472
39473
39475
39476
39477
39480
39519
39520
39521
39522
39523
39524
39525
39526
39527
39528
39529
39530
39531
39532
39533
39534
39535
39538
39544
39546
39547
39552
39553
39558
39559
39560
39562
39563
39564
39565
39566
39567
39568
39569
39570
39571
39573
39575
39577
39579
39599
39600
39603
39604
39605
39607
39726
39728
39729
39731
39767
39769
39771
39774
39784
39785
39801
39802
39839
39841
39845
39854
39855
39864
39865
39873
39874
39875
39876
39877
39878
39879
39880
39881
39882
39883
39884
39885
39886
39887
39888
39892
39893
39894
39895
39897
39906
39907
39908
39909
39910
39911
39912
39913
39914
39915
39916
39917
39918
39919
39920
39921
39922
39943
39944
39945
39946
39947
39948
39949
39950
39951
39953
39955
39956
39958
39959
39980
39981
39982
39983
39985
39986
39988
39989
39991
39992
39993
40110
40111
40120
40121
40122
40125
40130
40131
40132
40133
40134
40135
40136
40137
40139
40140
40141
40142
40143
40145
40146
40149
40153
40154
40159
40160
40218
40220
40553
40554
40555
40560
40561
40562
40567
40568
40571
40572
40577
40578
40579
40580
40581
40582
40583
40584
40585
40586
40587
40588
40589
40590
40591
40592
40600
40601
40602
40603
40604
40606
40607
40609
40613
40614
40616
40617
40618
40619
40620
40621
40622
40623
40624
40629
40630
40632
40641
40659
40673
40674
40688
40710
40711
40713
40715
-16989
-17075
-18806
-18807
-19050
-19136
-19226
19232
19233
19234
-35539
-35540
-35558
-35581
-35594
-35610
-35627
-35641
-35654
-35666
-35686
-35704
-35705
-35717
-35748
-35775
-35779
-35788
-35791
-35802
-35818
-35832
-35844
-35848
-35861
-35887
-35925
-35926
36169
36170
36171
36198
36200
-36212
-36214
-36222
36226
36228
36229
-36235
36237
-36242
-36254
-36257
-36266
-36292
36379
36380
36381
36495
36496
36497
-36531
-36535
36538
36540
36541
36543
36546
-36561
-36570
36597
36598
-36931
-36933
36940
36942
36943
36944
36947
-36960
-36971
-36976
-36978
-36984
-36995
-37002
-37003
-37005
-37007
-37010
37019
-37027
-37031
-37033
-37036
37044
-37051
-37055
-37065
-37070
-37071
-37085
-37086
37093
37097
37098
37101
-37109
-37112
37116
-37120
37132
-37134
-37140
-37143
37145
37148
37149
-37155
-37160
37165
-37169
-37172
37175
-37178
-37188
-37193
-37196
37198
-37206
-37211
-37219
-37222
37225
37226
37228
-37229
37239
-37241
-37246
-37248
37251
-37258
-37262
37265
-37272
-37277
-37286
-37288
-37293
-37296
37300
37302
37304
37305
37306
-37603
-37615
-37619
-37621
37789
-37794
-37797
-37799
-37802
37810
-37902
-37911
37950
37952
38059
38060
38112
38113
38121
38125
38127
-38215
-38221
-38232
-38234
38242
-38344
-38347
38351
-38355
-38369
38377
38393
38397
38479
38482
-38488
-38493
38503
38507
38508
38510
38513
38517
38521
-38523
38526
38529
-38593
-38596
38600
-38604
-38618
-38625
-38630
-38764
-38776
-38783
-38787
-38796
-38800
38811
38814
38815
38818
38819
38822
38829
-38835
-38843
38846
38862
38870
38875
38876
38879
38884
-38888
38920
38923
-38925
-38930
38940
-38945
-38954
-38964
38966
38970
38974
-38991
39002
39003
-39009
-39012
39035
-39049
-39051
-39054
-39062
39066
39075
39087
-39093
-39101
39104
-39116
-39127
-39131
-39138
-39139
39144
-39149
-39151
-39152
39156
39159
39160
39166
39169
-39173
-39178
-39181
39197
39199
39200
39202
39203
39207
39209
39210
39214
39215
-39216
-39220
39224
-39233
39262
39271
39274
39275
39277
-39281
39286
39287
-39293
-39296
-39329
-39330
-39337
-39341
39348
39355
39364
-39365
-39369
39373
-39400
-39402
-39403
-39405
-39414
39422
39446
39447
39467
39468
39474
39478
39479
39481
39482
39483
39536
39537
39539
-39540
39545
-39556
39561
39572
39574
39576
39578
39601
39602
39606
39608
39609
39610
-39612
-39616
-39619
-39713
-39715
-39723
39727
39730
39732
-39751
39768
39770
39772
39773
39775
-39778
39783
-39787
-39790
-39792
-39795
-39825
-39828
-39830
-39832
39840
39842
39843
39846
-39847
39853
-39856
-39861
39863
-39867
-39889
39896
-39899
-39900
-39902
-39926
-39936
-39939
-39940
39952
39954
39957
39964
39965
39984
39987
39990
39994
39995
-40112
-40116
40123
40124
40126
40138
40144
40147
40148
-40150
-40155
40161
40162
40163
40219
-40221
40224
40225
-40296
-40309
-40517
-40519
-40524
-40532
-40538
-40541
-40545
-40551
-40556
-40563
40569
40570
40573
-40593
-40597
40605
40608
40610
40615
40625
40626
40627
40628
40631
-40638
-40656
40658
-40668
40671
40672
-40676
-40682
40687
40689
-40695
-40704
40712
40714
40716
40719
40720
40721
)


// ************************************************************************* //
