/*--------------------------------*- C++ -*----------------------------------*\
| =========                 |                                                 |
| \\      /  F ield         | OpenFOAM: The Open Source CFD Toolbox           |
|  \\    /   O peration     | Version:  v2012                                 |
|   \\  /    A nd           | Website:  www.openfoam.com                      |
|    \\/     M anipulation  |                                                 |
\*---------------------------------------------------------------------------*/
FoamFile
{
    version     2.0;
    format      ascii;
    class       labelList;
    note        "nPoints:626  nCells:358  nFaces:1305  nInternalFaces:843";
    location    "constant/ellipse/polyMesh";
    object      neighbour;
}
// * * * * * * * * * * * * * * * * * * * * * * * * * * * * * * * * * * * * * //


843
(
6
13
71
73
74
75
10
14
37
81
82
83
16
17
30
90
91
92
19
20
69
100
101
102
22
32
38
6
13
23
108
109
110
24
116
117
118
10
25
37
126
127
128
10
14
25
137
138
139
11
15
28
144
145
146
151
152
153
16
30
161
162
163
22
32
68
172
173
174
33
179
180
181
72
187
188
189
16
17
195
196
197
205
206
207
28
214
215
216
19
20
29
224
225
226
31
232
233
234
67
239
240
241
22
38
68
249
250
251
256
257
258
24
33
71
262
72
264
265
266
27
151
45
155
30
274
275
276
31
67
284
285
288
291
292
293
69
299
300
303
70
71
36
39
36
40
179
41
177
182
72
310
311
312
70
321
41
41
109
106
112
43
44
144
268
45
147
45
65
161
164
49
170
261
49
62
174
49
63
64
176
51
54
56
197
55
199
53
83
55
86
55
60
207
209
57
60
216
59
61
219
59
226
228
61
92
95
64
257
64
259
261
66
268
291
269
297
69
327
328
330
70
338
339
340
345
346
347
349
351
353
354
355
76
77
117
180
306
76
79
118
310
351
77
79
181
78
121
307
313
78
183
308
79
309
315
316
352
84
85
86
204
84
85
152
201
311
84
86
153
188
205
85
86
189
312
156
202
208
203
314
192
209
88
193
214
272
217
221
273
93
94
95
231
93
94
206
230
292
93
95
215
232
293
94
95
207
216
235
295
210
219
236
98
99
238
245
98
99
220
239
323
242
247
324
222
243
233
345
103
240
321
346
103
234
241
244
322
105
169
246
256
170
259
261
114
177
111
112
111
116
112
179
111
112
113
117
180
119
114
182
114
123
184
185
119
120
121
122
125
119
120
119
121
123
120
121
127
262
129
263
124
131
124
132
124
306
135
307
129
130
131
132
129
130
151
264
129
131
265
310
130
131
133
152
311
267
134
154
135
313
134
135
134
135
157
317
158
318
140
141
143
140
151
264
141
187
266
140
141
145
153
188
147
155
149
190
146
193
272
147
148
149
147
148
161
274
147
149
162
195
148
149
196
275
164
277
198
154
155
156
160
154
155
154
156
157
155
156
162
158
164
159
166
158
159
201
168
202
164
165
166
164
165
291
164
166
205
165
166
167
206
292
294
168
208
168
211
298
212
170
173
334
176
175
176
175
338
175
176
256
340
176
257
341
259
185
182
183
182
182
183
184
183
185
185
306
190
191
192
194
190
191
354
190
192
195
191
192
355
198
199
196
198
199
200
198
199
205
198
200
214
199
200
207
216
209
218
202
203
317
212
319
208
209
210
208
209
208
210
211
209
210
212
212
230
217
218
219
223
217
218
275
217
219
224
276
218
219
227
278
228
221
222
225
281
227
282
229
227
228
229
227
228
232
284
227
229
239
285
228
229
234
241
286
236
243
298
235
236
237
235
236
299
235
237
300
236
237
301
242
243
244
248
242
243
327
242
244
249
328
243
244
252
329
253
247
248
247
250
334
252
336
252
253
254
252
253
321
339
252
254
256
340
253
254
258
342
322
260
259
260
259
260
259
260
263
265
351
267
267
267
353
354
269
274
271
280
271
288
289
273
275
278
282
277
280
291
277
278
278
280
284
293
279
279
286
280
287
289
297
282
283
285
323
286
290
325
286
289
299
286
290
327
287
289
290
289
290
303
330
304
331
294
297
294
295
298
295
297
299
296
296
301
297
302
304
301
304
301
305
345
302
304
305
304
305
347
307
308
309
318
309
320
313
316
353
313
314
317
314
316
355
315
318
315
319
316
320
357
318
319
320
320
322
349
324
325
327
326
329
336
326
331
332
337
329
331
329
333
339
346
332
342
331
333
347
332
333
343
344
348
335
336
340
337
341
337
342
343
341
344
342
344
349
341
342
343
343
344
350
348
349
348
350
350
352
353
357
356
357
356
357
)


// ************************************************************************* //
