/*--------------------------------*- C++ -*----------------------------------*\
| =========                 |                                                 |
| \\      /  F ield         | OpenFOAM: The Open Source CFD Toolbox           |
|  \\    /   O peration     | Version:  v2012                                 |
|   \\  /    A nd           | Website:  www.openfoam.com                      |
|    \\/     M anipulation  |                                                 |
\*---------------------------------------------------------------------------*/
FoamFile
{
    version     2.0;
    format      ascii;
    class       labelList;
    note        "nPoints:626  nCells:358  nFaces:1305  nInternalFaces:843";
    location    "constant/ellipse/polyMesh";
    object      owner;
}
// * * * * * * * * * * * * * * * * * * * * * * * * * * * * * * * * * * * * * //


1305
(
0
0
0
0
0
0
1
1
1
1
1
1
2
2
2
2
2
2
3
3
3
3
3
3
4
4
4
5
5
5
5
5
5
6
6
6
6
7
7
7
7
7
7
8
8
8
8
8
8
9
9
9
9
9
9
10
10
10
11
11
11
11
11
12
12
12
12
12
12
13
13
13
13
14
14
14
14
15
15
15
15
15
16
16
16
17
17
17
17
18
18
18
18
18
18
19
19
19
19
20
20
20
20
21
21
21
21
21
21
22
22
22
23
23
24
24
25
25
25
25
26
26
27
27
28
28
28
28
29
29
29
29
29
30
30
30
31
31
31
31
32
33
34
34
35
35
35
36
36
36
37
37
37
37
38
38
39
40
40
41
41
42
42
42
42
43
43
44
44
44
45
46
46
46
47
47
47
48
48
49
49
50
50
50
50
51
51
52
52
53
53
54
54
54
55
56
56
56
57
57
57
58
58
59
60
60
61
62
62
63
64
64
65
65
65
66
66
67
67
67
67
68
68
68
68
69
69
69
70
71
72
72
72
73
73
73
73
73
74
74
74
74
74
75
75
75
76
76
76
76
77
77
77
78
78
78
79
79
80
80
80
80
81
81
81
81
81
82
82
82
82
82
83
83
83
83
84
84
84
85
85
86
86
87
87
87
87
88
88
88
89
89
89
89
90
90
90
90
90
91
91
91
91
91
92
92
92
92
93
93
94
95
95
96
96
96
96
97
97
97
97
97
98
98
98
99
99
100
100
101
101
101
101
102
102
102
103
103
104
104
104
104
105
105
105
106
106
107
107
108
108
109
109
110
110
110
110
110
111
112
112
113
113
113
114
115
115
115
115
115
116
116
117
117
117
118
118
118
118
120
120
121
121
122
122
123
123
124
124
125
125
125
125
126
126
126
126
127
127
127
127
128
128
128
128
128
129
130
130
131
131
132
132
133
133
133
133
134
135
136
136
136
137
137
137
138
138
138
139
139
139
139
139
140
140
141
141
142
142
142
143
143
143
144
144
144
144
145
145
145
145
146
146
146
146
147
148
149
150
150
150
150
151
151
152
152
152
153
153
153
154
155
156
156
157
157
157
159
159
160
160
160
161
161
161
162
162
162
163
163
163
163
163
165
166
166
167
167
167
168
169
169
169
170
171
171
172
172
173
173
173
173
174
174
175
176
177
178
178
179
180
180
180
181
182
184
184
186
186
186
186
187
187
187
188
188
188
189
189
189
190
192
193
194
194
194
195
195
195
196
196
196
197
197
197
197
199
200
201
201
201
202
203
204
204
204
205
205
206
206
206
207
207
208
211
211
213
213
213
213
214
214
214
215
215
215
215
216
216
217
217
219
220
220
220
220
221
221
222
223
223
223
224
224
224
224
225
225
225
225
226
226
226
226
227
228
229
230
231
231
231
232
232
232
233
233
233
234
234
235
238
238
238
238
239
239
239
240
240
240
240
241
241
242
242
244
245
245
246
246
246
247
247
248
248
248
249
249
249
249
250
250
250
250
251
251
251
252
253
254
255
255
256
256
257
258
262
262
262
263
264
265
265
266
268
268
269
269
270
270
271
272
272
273
273
274
274
274
275
275
276
276
276
276
277
278
278
279
279
280
280
281
281
281
281
282
283
283
284
284
284
285
285
285
286
287
287
288
288
288
288
289
290
291
291
292
292
292
293
293
293
294
295
295
296
296
297
299
299
300
300
300
301
302
302
303
303
303
306
306
307
307
308
309
310
310
310
311
311
311
312
312
312
313
313
314
314
315
315
316
317
317
318
319
321
321
323
323
323
324
324
324
325
325
326
326
327
327
328
328
328
328
329
329
330
330
330
331
332
332
333
333
334
334
334
335
335
336
336
337
338
338
339
339
339
340
340
341
342
343
344
346
346
347
348
349
351
351
352
353
353
354
355
26
65
34
35
87
97
104
4
4
4
39
40
113
123
133
42
142
44
157
167
169
47
48
184
193
50
201
211
52
54
220
56
58
230
60
246
62
63
23
23
23
24
24
27
150
27
26
26
26
154
27
268
270
272
281
298
32
32
32
33
33
33
36
178
34
34
34
35
35
306
317
38
38
41
107
39
39
39
40
40
125
126
129
130
136
137
43
140
43
143
43
42
148
45
160
45
44
165
46
46
46
48
49
171
47
47
48
48
51
194
50
51
51
200
53
80
52
52
52
53
85
53
55
204
54
55
210
57
213
56
57
218
59
223
58
58
58
59
59
229
61
89
60
61
94
61
238
241
243
244
64
255
62
62
63
63
63
115
116
119
120
65
294
66
296
66
66
323
334
70
70
71
71
75
75
77
78
79
186
187
190
191
80
88
213
87
88
218
89
93
94
96
96
98
99
99
100
100
100
101
102
102
237
103
103
105
255
104
105
260
257
258
107
108
111
106
106
106
107
107
108
108
109
109
111
114
114
113
116
119
122
122
122
123
124
132
132
134
135
134
136
138
141
136
137
138
143
142
142
148
149
150
158
159
158
159
158
160
165
168
168
167
171
172
175
170
171
169
170
175
335
171
172
172
174
174
177
177
177
178
178
178
179
179
181
181
181
183
183
185
185
184
308
186
189
191
191
192
194
193
193
198
200
202
203
202
203
203
204
210
212
212
211
221
222
223
221
222
222
230
230
231
231
233
234
235
236
237
237
245
245
245
247
246
254
248
251
251
253
254
255
255
257
258
258
260
261
261
261
264
267
263
262
263
263
266
264
265
266
266
267
356
268
277
269
279
269
283
271
287
271
270
270
270
271
290
272
273
277
273
279
282
282
283
287
283
302
303
304
305
294
295
296
298
298
300
301
302
305
305
307
308
308
309
309
312
314
315
316
318
319
319
320
320
321
322
322
322
347
348
330
331
332
333
338
341
343
344
324
325
325
326
326
335
336
335
337
337
338
345
345
345
346
347
348
350
349
350
350
351
352
356
352
352
354
356
354
355
355
356
357
357
)


// ************************************************************************* //
