/*--------------------------------*- C++ -*----------------------------------*\
| =========                 |                                                 |
| \\      /  F ield         | OpenFOAM: The Open Source CFD Toolbox           |
|  \\    /   O peration     | Version:  v2012                                 |
|   \\  /    A nd           | Website:  www.openfoam.com                      |
|    \\/     M anipulation  |                                                 |
\*---------------------------------------------------------------------------*/
FoamFile
{
    version     2.0;
    format      ascii;
    class       vectorField;
    location    "constant/ellipse/polyMesh";
    object      points;
}
// * * * * * * * * * * * * * * * * * * * * * * * * * * * * * * * * * * * * * //


626
(
(-1.76315e-11 -4.67635e-09 7.67903e-12)
(-3.41567e-11 -2.34491e-09 -8.53928e-13)
(-3.54602e-12 2.92221e-13 -2.45566e-12)
(4.06659e-11 2.33834e-09 -5.14744e-12)
(2.01065e-11 4.67832e-09 -7.05852e-12)
(6.71838e-10 -5.63366e-09 -5.39277e-10)
(7.32048e-10 -3.49234e-09 -7.52247e-10)
(-6.36165e-10 -1.14436e-09 -6.33725e-10)
(7.47169e-10 -1.15538e-09 -7.48814e-10)
(-6.57136e-10 5.63276e-09 -5.90938e-10)
(6.70627e-10 -5.64238e-09 5.91399e-10)
(-6.32333e-10 -1.16845e-09 6.47632e-10)
(7.49943e-10 -1.15596e-09 7.47327e-10)
(-7.34372e-10 1.15592e-09 7.53545e-10)
(6.30606e-10 1.1642e-09 6.31692e-10)
(-7.3089e-10 3.49519e-09 7.47308e-10)
(-6.41579e-10 5.64324e-09 5.47914e-10)
(1.11567e-10 -4.65906e-09 -6.39082e-10)
(1.49096e-11 -2.29477e-09 -9.07685e-10)
(2.10795e-12 9.69647e-13 -7.51598e-10)
(-9.2173e-11 4.66107e-09 -6.63441e-10)
(7.42512e-10 -6.94683e-09 3.21718e-11)
(1.03418e-11 -5.82201e-09 1.78477e-11)
(8.23186e-10 -4.67824e-09 7.63033e-12)
(-5.45454e-11 -3.50537e-09 6.04262e-12)
(9.33969e-11 -4.659e-09 6.69102e-10)
(-7.14872e-10 -2.3198e-09 1.75998e-12)
(7.92638e-10 -2.33567e-09 1.28967e-12)
(-2.31354e-11 -1.1723e-09 -3.92729e-12)
(7.85787e-12 -2.33479e-09 9.25791e-10)
(-7.77128e-10 -1.31015e-12 -4.88225e-12)
(7.71255e-10 4.51275e-12 -5.8162e-12)
(7.5736e-12 1.17017e-09 -3.54859e-12)
(-1.6253e-12 -4.91914e-13 7.54147e-10)
(-7.91254e-10 2.33535e-09 -4.26935e-12)
(7.22456e-10 2.29846e-09 -3.10223e-12)
(7.98025e-11 3.50844e-09 -7.10333e-12)
(-2.31212e-12 2.31481e-09 9.05414e-10)
(-8.30525e-10 4.68003e-09 5.77864e-12)
(-8.03451e-12 5.82632e-09 -4.82331e-12)
(-1.04809e-10 4.65477e-09 6.34726e-10)
(-7.19154e-10 6.95779e-09 -3.1393e-11)
(6.87736e-10 -4.67465e-09 -6.6998e-10)
(8.06669e-10 -5.88592e-09 1.42395e-11)
(2.18426e-11 -3.49564e-09 -7.72336e-10)
(7.42549e-10 -2.34191e-09 -7.71502e-10)
(7.91013e-10 -3.50292e-09 -2.63298e-12)
(-1.29369e-10 -1.3361e-09 -9.37711e-10)
(-7.08078e-10 -6.3133e-12 -7.06901e-10)
(-8.72887e-10 -1.19132e-09 -1.46024e-11)
(7.07601e-10 3.99275e-12 -7.02787e-10)
(8.07614e-10 -1.1673e-09 -3.19427e-12)
(-8.11843e-10 1.16411e-09 -4.58368e-12)
(8.60162e-10 1.18527e-09 6.53506e-13)
(-7.46959e-10 4.66923e-09 -6.93262e-10)
(-7.86783e-10 3.50479e-09 -2.93108e-13)
(-8.10339e-10 5.85747e-09 -9.50915e-12)
(7.43862e-10 -4.66861e-09 6.96974e-10)
(-5.52835e-10 -2.1735e-09 5.73296e-10)
(7.46959e-10 -2.3432e-09 7.81433e-10)
(-1.34771e-10 -1.31947e-09 9.51279e-10)
(-7.17544e-10 -7.15612e-12 6.97712e-10)
(7.12517e-10 3.15165e-12 7.03187e-10)
(7.51635e-11 1.34218e-09 9.52615e-10)
(-7.43868e-10 2.34299e-09 7.675e-10)
(5.31339e-10 2.17813e-09 5.77493e-10)
(-3.50248e-12 3.4997e-09 7.81269e-10)
(-6.83972e-10 4.67626e-09 6.77693e-10)
(2.72914e-10 -1.71425e-09 -9.52861e-10)
(-7.75481e-10 1.15645e-09 -7.26239e-10)
(6.23416e-10 1.16882e-09 -6.36737e-10)
(3.84558e-10 -6.41613e-09 3.38149e-10)
(7.31818e-10 -3.50191e-09 7.78155e-10)
(3.96203e-10 -6.39907e-09 -2.86669e-10)
(-2.65405e-10 -5.60401e-10 -9.40148e-10)
(2.73447e-10 -5.83797e-10 -9.65999e-10)
(-9.82828e-10 6.24708e-09 -2.33481e-10)
(-4.06805e-10 6.41513e-09 -3.31709e-10)
(-2.63196e-10 -5.64303e-10 9.39279e-10)
(2.78249e-10 -1.7126e-09 9.6762e-10)
(2.81252e-10 -5.83026e-10 9.72098e-10)
(-2.79924e-10 5.80183e-10 9.68247e-10)
(-3.07748e-10 1.70852e-09 9.50561e-10)
(2.37e-10 5.65685e-10 9.47254e-10)
(-4.0235e-10 6.40063e-09 3.01424e-10)
(6.06591e-11 -2.15466e-09 -9.27392e-10)
(4.70905e-12 2.77116e-12 -9.99725e-10)
(2.30137e-11 2.31285e-09 -9.1546e-10)
(4.86606e-10 -6.84622e-09 2.4442e-11)
(1.68731e-10 -6.26651e-09 3.10932e-11)
(-1.66414e-10 6.24641e-09 -1.04887e-11)
(-4.782e-10 6.84569e-09 -1.15725e-11)
(8.12978e-11 -2.12994e-09 9.50231e-10)
(3.89431e-13 5.94078e-13 9.9895e-10)
(-1.23081e-10 2.12734e-09 9.37165e-10)
(4.78479e-10 -5.6629e-09 -5.40796e-10)
(7.9026e-10 -5.84693e-09 -4.62027e-10)
(3.89422e-10 -3.50473e-09 -8.41856e-10)
(7.33669e-10 -2.91829e-09 -7.72677e-10)
(-5.96161e-10 -1.61479e-09 -6.03092e-10)
(-3.99015e-10 -1.16542e-09 -8.38888e-10)
(-6.81453e-10 -5.85703e-10 -6.63627e-10)
(7.88791e-10 -1.74649e-09 -7.33e-10)
(4.86966e-10 -1.17157e-09 -9.04703e-10)
(7.33663e-10 -5.7872e-10 -7.26224e-10)
(-4.7649e-10 5.65464e-09 -5.96003e-10)
(-7.9141e-10 5.8144e-09 -5.18589e-10)
(7.74924e-10 -5.83041e-09 5.18664e-10)
(4.89237e-10 -5.657e-09 5.99285e-10)
(-3.88153e-10 -1.16922e-09 8.54115e-10)
(-6.81828e-10 -5.888e-10 6.727e-10)
(7.82294e-10 -1.75308e-09 7.50035e-10)
(4.77415e-10 -1.16878e-09 9.17333e-10)
(7.30815e-10 -5.79418e-10 7.25851e-10)
(-7.25849e-10 5.78674e-10 7.36338e-10)
(-5.23934e-10 1.16757e-09 8.90669e-10)
(-7.86017e-10 1.73467e-09 7.3617e-10)
(6.77376e-10 5.85296e-10 6.64521e-10)
(3.90827e-10 1.17028e-09 8.40057e-10)
(-7.41746e-10 2.91826e-09 7.66698e-10)
(-3.78085e-10 3.49842e-09 8.45629e-10)
(-7.72553e-10 5.81417e-09 4.81107e-10)
(-4.75096e-10 5.6428e-09 5.53011e-10)
(-1.09721e-11 -1.15845e-09 -9.73346e-10)
(-1.38809e-11 -2.91899e-09 -8.37693e-10)
(-3.35904e-10 -2.34884e-09 -7.33324e-10)
(3.62503e-10 -2.31934e-09 -9.15076e-10)
(-1.13723e-10 -1.76216e-09 -9.12934e-10)
(-1.94186e-12 -5.85888e-10 -7.55823e-10)
(-4.79214e-10 -1.38376e-12 -8.77044e-10)
(4.81919e-10 1.71095e-12 -8.76263e-10)
(6.77237e-10 -6.82649e-09 -1.52274e-10)
(9.20391e-10 -6.63194e-09 -1.00573e-11)
(6.70007e-10 -6.82464e-09 2.15196e-10)
(1.02484e-10 -5.82262e-09 -2.78245e-10)
(3.65028e-10 -5.86829e-09 1.9263e-11)
(9.25301e-11 -5.83007e-09 3.03927e-10)
(3.68292e-10 -2.31068e-09 9.40291e-10)
(-8.96687e-11 -1.77715e-09 9.36801e-10)
(-4.87435e-12 -5.84562e-10 7.61966e-10)
(-4.66111e-10 -3.6373e-12 8.85224e-10)
(4.6731e-10 8.84159e-13 8.819e-10)
(-1.5169e-11 5.8381e-10 7.54596e-10)
(1.17044e-10 1.76163e-09 9.13182e-10)
(-3.74784e-10 2.31836e-09 9.18338e-10)
(-1.31477e-11 2.9141e-09 8.54138e-10)
(-1.10823e-09 5.8118e-09 -6.6535e-12)
(-1.01741e-10 5.82668e-09 -3.02418e-10)
(-3.56927e-10 5.86099e-09 -9.86577e-12)
(-1.10342e-10 5.82236e-09 2.77723e-10)
(-6.85192e-10 6.80939e-09 -2.24787e-10)
(-9.58082e-10 6.52638e-09 6.47893e-12)
(-6.96904e-10 6.79374e-09 1.80723e-10)
(-8.06632e-12 -1.15759e-09 9.82436e-10)
(5.45545e-12 1.16258e-09 9.73473e-10)
(4.84725e-10 -6.74345e-09 -1.36758e-10)
(2.22682e-10 -6.23429e-09 -2.12026e-10)
(-5.49546e-10 -3.30624e-09 9.97342e-11)
(2.76008e-10 -2.13729e-09 -9.33712e-10)
(5.72113e-11 -1.71839e-09 -9.49731e-10)
(2.99938e-10 -1.16238e-09 -9.62313e-10)
(4.7929e-10 -1.73954e-09 -9.0354e-10)
(1.25582e-10 1.32079e-09 -9.49704e-10)
(-7.48193e-10 2.34114e-09 -7.85613e-10)
(-2.77905e-10 -3.34037e-12 -9.58183e-10)
(5.49506e-10 2.148e-09 -5.79917e-10)
(2.71268e-10 1.06484e-12 -9.62237e-10)
(-2.2398e-10 6.24482e-09 -2.55172e-10)
(-5.23898e-10 6.76814e-09 -2.14294e-10)
(5.09738e-10 -6.79051e-09 1.98877e-10)
(2.05635e-10 -6.21098e-09 2.58029e-10)
(2.98451e-10 -6.55177e-09 5.15806e-12)
(7.58944e-10 -6.41467e-09 3.83401e-10)
(4.0316e-10 -5.85222e-09 5.37765e-10)
(-1.36524e-11 -3.49458e-09 8.06804e-10)
(2.75343e-10 -2.14223e-09 9.54963e-10)
(4.68995e-10 -1.74209e-09 9.21793e-10)
(4.58304e-10 5.76201e-10 8.46427e-10)
(-2.13693e-10 6.20284e-09 2.0962e-10)
(-5.26404e-10 6.77346e-09 1.58915e-10)
(7.61435e-10 -6.41235e-09 -3.17568e-10)
(3.78698e-10 -5.829e-09 -4.82508e-10)
(3.71231e-10 -2.91653e-09 -8.87923e-10)
(-2.57397e-10 -9.92942e-10 -9.20296e-10)
(-4.17544e-10 -1.76365e-09 -7.52417e-10)
(-4.63027e-10 -5.75481e-10 -8.46547e-10)
(-6.87006e-12 -5.74585e-10 -9.91553e-10)
(4.98129e-10 -5.85463e-10 -8.84229e-10)
(-1.03127e-09 5.81967e-09 -2.89386e-10)
(-3.65402e-10 5.82549e-09 -5.227e-10)
(-7.91495e-10 6.40967e-09 -3.59842e-10)
(-1.0323e-09 6.27679e-09 -1.08019e-11)
(-2.80403e-10 6.53226e-09 -2.96207e-12)
(-4.72027e-10 -5.82659e-10 8.45467e-10)
(-2.59207e-10 -9.98383e-10 9.25809e-10)
(7.40012e-11 -1.72117e-09 9.7193e-10)
(2.78055e-12 -5.73819e-10 9.97399e-10)
(-2.89473e-10 4.63798e-13 9.52589e-10)
(4.79285e-10 -5.83732e-10 9.00456e-10)
(2.79721e-10 -1.16245e-09 9.74913e-10)
(2.99324e-10 -3.49894e-12 9.52011e-10)
(-5.23702e-10 5.78798e-10 8.70781e-10)
(-4.58649e-10 1.7407e-09 9.11089e-10)
(-3.04688e-10 1.15843e-09 9.61578e-10)
(-3.41615e-12 5.70348e-10 9.92613e-10)
(-5.28318e-11 1.71977e-09 9.53191e-10)
(-2.79146e-10 2.11126e-09 9.38483e-10)
(2.45529e-10 1.02628e-09 9.23321e-10)
(-3.66529e-10 2.91827e-09 8.9081e-10)
(-3.84088e-10 5.83691e-09 4.89471e-10)
(-7.75263e-10 6.40178e-09 3.25972e-10)
(2.77683e-10 5.63423e-10 -9.39537e-10)
(-7.34848e-10 3.50469e-09 -7.7198e-10)
(3.53013e-10 -4.09658e-09 4.5014e-10)
(4.17532e-10 -1.75634e-09 4.54454e-10)
(-1.0102e-09 5.84104e-10 2.88312e-10)
(4.13885e-10 5.84649e-10 3.92809e-10)
(-1.10075e-09 2.91778e-09 3.52303e-10)
(5.21312e-10 2.92751e-09 3.80637e-10)
(-1.06166e-09 5.25979e-09 2.96132e-10)
(1.49316e-10 5.05785e-09 2.33875e-10)
(9.70119e-10 -6.23626e-09 -2.18017e-10)
(2.64712e-10 -5.39692e-09 -5.44109e-10)
(1.0678e-09 -5.262e-09 -3.01096e-10)
(3.80463e-10 -4.08967e-09 -4.41773e-10)
(1.09794e-09 -4.08406e-09 -3.71784e-10)
(3.70739e-10 -2.92163e-09 -4.51206e-10)
(1.10573e-09 -2.91737e-09 -3.57231e-10)
(-5.85855e-10 -1.93492e-09 -5.51745e-10)
(-9.32705e-10 -3.95933e-10 -2.40697e-10)
(-4.22696e-10 -5.87153e-10 -3.98648e-10)
(4.18311e-10 -1.75034e-09 -4.37675e-10)
(1.05775e-09 -1.75107e-09 -3.6924e-10)
(4.24539e-10 -5.83698e-10 -4.31829e-10)
(1.00092e-09 -5.84312e-10 -2.73434e-10)
(-1.08796e-09 5.26436e-09 -3.06269e-10)
(-2.24159e-10 5.43677e-09 -5.61069e-10)
(9.74958e-10 -6.27257e-09 2.44092e-10)
(2.47122e-10 -5.41024e-09 5.82677e-10)
(1.08051e-09 -5.27274e-09 3.23039e-10)
(-4.07482e-10 -1.75555e-09 4.08665e-10)
(-9.32953e-10 -3.94746e-10 2.43858e-10)
(-4.22245e-10 -5.89615e-10 3.99276e-10)
(1.05529e-09 -1.75084e-09 3.77452e-10)
(4.23075e-10 -5.83955e-10 4.28055e-10)
(1.00257e-09 -5.86064e-10 2.86319e-10)
(-4.42186e-10 5.82018e-10 4.1899e-10)
(-1.05254e-09 1.75014e-09 3.69616e-10)
(-4.24225e-10 1.75896e-09 4.29931e-10)
(9.25351e-10 3.74475e-10 2.61196e-10)
(4.02682e-10 1.75287e-09 4.00195e-10)
(-3.69054e-10 2.92157e-09 4.50874e-10)
(-1.08921e-09 4.08611e-09 3.65063e-10)
(-3.74071e-10 4.09298e-09 4.5568e-10)
(-2.54226e-10 5.38612e-09 5.50902e-10)
(-9.64083e-10 6.24644e-09 2.11498e-10)
(-1.61466e-10 -5.02863e-09 -2.35851e-10)
(-2.96063e-10 -4.08226e-09 -3.69756e-10)
(-5.18221e-10 -2.93289e-09 -3.99026e-10)
(-2.98402e-10 5.82514e-10 -9.67351e-10)
(-2.94894e-10 1.71296e-09 -9.64408e-10)
(-1.00834e-09 5.83208e-10 -2.96452e-10)
(-4.28029e-10 5.80996e-10 -4.31649e-10)
(-1.05418e-09 1.75163e-09 -3.75469e-10)
(-4.30498e-10 1.75101e-09 -4.42405e-10)
(4.17853e-10 5.88047e-10 -4.01116e-10)
(9.29508e-10 4.00447e-10 -2.14628e-10)
(4.05003e-10 1.75516e-09 -4.05006e-10)
(1.46154e-10 5.08201e-09 -2.63947e-10)
(-1.73784e-10 -5.04089e-09 2.3884e-10)
(1.11464e-09 -4.07783e-09 3.58893e-10)
(3.75914e-10 -2.9269e-09 4.65545e-10)
(1.10326e-09 -2.91921e-09 3.60172e-10)
(3.06713e-10 4.0863e-09 3.64881e-10)
(-9.30146e-11 2.14693e-09 -9.46543e-10)
(-8.17284e-11 -4.67715e-09 -4.78755e-10)
(-1.1997e-10 -5.36837e-09 4.67415e-12)
(3.80818e-10 -4.67809e-09 1.03236e-11)
(-5.30042e-11 -4.0933e-09 6.34772e-12)
(-1.10109e-10 -4.69113e-09 5.0411e-10)
(-2.89834e-10 -4.62001e-09 2.40358e-12)
(1.18973e-09 -4.67315e-09 1.60618e-11)
(-3.62194e-11 -2.34046e-09 -4.54267e-10)
(-6.07947e-11 -2.93227e-09 1.49534e-12)
(-4.29465e-10 -2.34709e-09 -8.16754e-12)
(3.84986e-10 -2.33941e-09 4.01861e-12)
(-2.80668e-11 -1.75956e-09 -6.66269e-12)
(-1.95814e-11 -2.34846e-09 4.60281e-10)
(1.16935e-09 -2.33623e-09 -1.22238e-12)
(-1.00653e-09 3.86431e-11 -6.65152e-12)
(-1.31062e-12 1.98007e-13 -4.01278e-10)
(-1.43713e-11 -5.85655e-10 -1.32186e-12)
(-4.14104e-10 -1.65392e-12 -2.93076e-12)
(4.08152e-10 3.18939e-12 -3.81878e-12)
(3.66258e-12 5.85805e-10 -3.94517e-12)
(-4.04214e-12 -1.35352e-13 3.98119e-10)
(1.00465e-09 -3.98841e-11 -1.89615e-12)
(-1.16116e-09 2.33365e-09 -4.53715e-12)
(1.55538e-11 1.75392e-09 -4.77167e-12)
(-3.84815e-10 2.33684e-09 -6.01276e-12)
(4.39759e-10 2.33889e-09 -4.27446e-12)
(7.67317e-11 2.92439e-09 -1.04456e-11)
(3.04279e-11 2.33838e-09 4.36902e-10)
(4.1782e-11 2.33679e-09 -4.42983e-10)
(-1.17759e-09 4.67437e-09 -9.7234e-12)
(1.05868e-10 4.68841e-09 -4.94113e-10)
(5.60137e-11 4.09954e-09 1.33172e-12)
(-3.82824e-10 4.6804e-09 -2.48536e-12)
(1.15986e-10 5.37014e-09 -1.80554e-11)
(8.94225e-11 4.68094e-09 4.82101e-10)
(2.97883e-10 4.62344e-09 -5.50777e-12)
(6.71201e-10 -5.2271e-09 -6.12514e-10)
(7.65048e-10 -4.09144e-09 -6.9907e-10)
(9.64667e-10 -3.47889e-09 -5.74437e-10)
(7.76787e-10 -3.50288e-09 -4.13191e-10)
(-7.94723e-10 -1.1648e-09 -3.81597e-10)
(9.22311e-10 -1.14521e-09 -5.25632e-10)
(-6.75775e-10 5.23302e-09 -6.57878e-10)
(6.68086e-10 -5.23211e-09 6.56794e-10)
(-8.05211e-10 -1.17274e-09 3.64236e-10)
(-5.9363e-10 -1.71459e-09 6.04742e-10)
(9.5063e-10 -1.14977e-09 5.03477e-10)
(-9.35353e-10 1.1397e-09 5.28202e-10)
(7.92486e-10 1.17357e-09 3.5728e-10)
(5.86972e-10 1.72808e-09 5.93862e-10)
(-7.66218e-10 3.50459e-09 4.09917e-10)
(-9.27319e-10 3.48096e-09 6.0555e-10)
(-7.54201e-10 4.0866e-09 6.962e-10)
(-6.72942e-10 5.21719e-09 6.16013e-10)
(1.59531e-10 -5.07351e-09 -5.75587e-10)
(3.8675e-10 -4.65307e-09 -7.12607e-10)
(1.56984e-11 -4.0832e-09 -6.8747e-10)
(9.24681e-10 -2.35576e-09 -6.14171e-10)
(2.46979e-12 5.83946e-10 -7.61342e-10)
(-9.16104e-10 4.5206e-09 -6.02283e-10)
(-3.86698e-10 4.65538e-09 -7.55066e-10)
(-1.41955e-10 5.08947e-09 -6.00449e-10)
(1.1033e-09 -5.81821e-09 8.35734e-12)
(9.19284e-10 -4.69768e-09 -5.45255e-10)
(8.11508e-10 -5.26803e-09 7.17912e-12)
(8.14345e-10 -4.0902e-09 -2.03729e-11)
(8.83808e-10 -4.83991e-09 5.96689e-10)
(-3.41389e-11 -3.50415e-09 -4.1842e-10)
(3.73061e-10 -3.50507e-09 3.30868e-12)
(-5.17814e-10 -3.49027e-09 1.06474e-12)
(-4.37261e-11 -3.51022e-09 4.37276e-10)
(1.21931e-10 -5.08493e-09 5.95367e-10)
(3.85815e-10 -4.65862e-09 7.55863e-10)
(-1.74622e-12 -4.08561e-09 7.24518e-10)
(1.17947e-09 -3.50035e-09 -6.08477e-12)
(9.2272e-10 -4.51343e-09 5.94633e-10)
(-6.63169e-10 -2.32162e-09 -2.96382e-10)
(-7.94181e-10 -1.75427e-09 -1.1928e-11)
(-6.45669e-10 -2.3322e-09 3.60996e-10)
(-6.36095e-10 -2.88116e-09 -1.06594e-11)
(7.75012e-10 -2.3333e-09 -4.05215e-10)
(7.83839e-10 -2.91936e-09 1.47105e-12)
(8.18455e-10 -1.75103e-09 8.13849e-12)
(7.7772e-10 -2.33636e-09 4.19886e-10)
(-1.96035e-11 -1.17444e-09 -4.32314e-10)
(-4.51354e-10 -1.17514e-09 -1.02257e-11)
(4.14397e-10 -1.16869e-09 -1.26022e-12)
(-1.28236e-11 -1.16869e-09 4.3053e-10)
(-3.95028e-10 -2.33486e-09 7.17216e-10)
(-1.00646e-13 -2.92846e-09 8.74216e-10)
(1.08599e-09 -1.16904e-09 2.84597e-12)
(9.63253e-10 -2.35328e-09 5.79235e-10)
(-8.81424e-10 3.60922e-12 -4.78367e-10)
(-9.31412e-10 -6.85028e-10 -3.17845e-12)
(-7.91862e-10 5.82069e-10 -2.86427e-12)
(-8.86788e-10 1.19288e-11 4.69898e-10)
(-1.09628e-09 1.16875e-09 1.26901e-12)
(8.71482e-10 -2.4805e-12 -4.8608e-10)
(7.8283e-10 -5.85073e-10 -5.58582e-12)
(9.19889e-10 7.02581e-10 -5.93087e-12)
(8.85913e-10 -6.05166e-12 4.6688e-10)
(-4.24286e-10 1.16641e-09 -7.76903e-12)
(4.3378e-10 1.17215e-09 -2.1293e-12)
(-1.30753e-11 1.17416e-09 4.26085e-10)
(7.31668e-12 1.16701e-09 -4.31044e-10)
(-8.28592e-10 1.75671e-09 -7.286e-12)
(-7.85358e-10 2.91919e-09 -4.05353e-12)
(-7.77994e-10 2.33859e-09 4.00897e-10)
(-7.78822e-10 2.33375e-09 -4.1578e-10)
(-1.18282e-09 3.50351e-09 -8.32336e-12)
(-9.15376e-10 2.36144e-09 6.24009e-10)
(7.90012e-10 1.75235e-09 -1.3093e-12)
(6.51143e-10 2.31008e-09 3.53014e-10)
(6.54031e-10 2.30923e-09 -3.57856e-10)
(6.50906e-10 2.75018e-09 -5.78763e-12)
(-3.63959e-10 3.507e-09 -2.66114e-12)
(4.24516e-11 3.5113e-09 4.24695e-10)
(5.0597e-10 3.51917e-09 -1.09851e-11)
(3.91768e-10 2.34009e-09 6.94283e-10)
(-9.56648e-10 4.84832e-09 -5.37247e-10)
(-8.04848e-10 4.09047e-09 3.02481e-11)
(-7.98082e-10 5.2616e-09 -5.74491e-12)
(-9.11668e-10 4.69803e-09 5.35962e-10)
(-2.7216e-12 4.08795e-09 6.92294e-10)
(-3.8339e-10 4.65592e-09 7.17441e-10)
(-1.65869e-10 5.09006e-09 5.79203e-10)
(-2.34163e-10 -3.483e-09 -6.24979e-10)
(7.61748e-10 -3.50337e-09 4.1136e-10)
(-7.35224e-10 5.78502e-10 -7.3011e-10)
(6.80707e-10 5.86884e-10 -6.67751e-10)
(-9.30692e-10 1.14036e-09 -5.45457e-10)
(7.98968e-10 1.17944e-09 -3.5965e-10)
(7.29356e-10 -4.07932e-09 7.48252e-10)
(7.54903e-10 -2.91801e-09 7.79962e-10)
(2.47472e-10 3.48987e-09 6.10369e-10)
(-4.98475e-10 1.16881e-09 -9.10966e-10)
(-8.00801e-10 1.75397e-09 -7.32039e-10)
(3.92382e-10 1.17233e-09 -8.49452e-10)
(5.71492e-10 1.73017e-09 -6.30513e-10)
(3.71858e-10 -3.49268e-09 8.7586e-10)
(9.61171e-10 -3.49773e-09 5.94867e-10)
(8.86936e-13 1.16842e-09 -9.82338e-10)
(-9.52945e-10 2.35513e-09 -6.02404e-10)
(1.15121e-10 1.75735e-09 -9.25874e-10)
(-3.67559e-10 2.29929e-09 -9.38635e-10)
(3.90716e-10 2.34498e-09 -7.04043e-10)
(3.74887e-10 -4.08641e-09 -7.86304e-10)
(-2.73237e-13 5.74848e-10 -9.96722e-10)
(2.36269e-10 9.96602e-10 -9.33069e-10)
(4.68043e-10 5.78162e-10 -8.48899e-10)
(1.34205e-11 3.50019e-09 -8.01899e-10)
(-1.18537e-09 2.91776e-09 -6.14761e-12)
(-1.08954e-09 4.67275e-09 -3.82354e-10)
(-3.7791e-10 4.68449e-09 -4.35637e-10)
(-3.65806e-10 2.9213e-09 -6.07499e-12)
(-1.18011e-09 4.08424e-09 -6.2348e-12)
(-3.69846e-10 4.09463e-09 8.06939e-12)
(-2.92145e-10 2.15383e-09 -9.49101e-10)
(-1.09213e-09 2.34317e-09 -3.61608e-10)
(-3.78405e-10 2.33221e-09 -4.54136e-10)
(5.97287e-10 3.03436e-09 -2.55189e-11)
(5.48307e-10 2.48366e-09 -4.93643e-10)
(2.42626e-10 4.64012e-09 -3.01676e-10)
(3.98836e-10 4.08775e-09 -5.81109e-12)
(-1.79952e-10 -4.26083e-09 5.44938e-10)
(-5.17649e-10 -2.50227e-09 5.54371e-10)
(-3.98383e-10 -4.08131e-09 4.68799e-12)
(-5.92484e-10 -3.09212e-09 -9.39383e-11)
(-2.38782e-10 -4.64434e-09 3.07378e-10)
(-2.90091e-11 -2.93008e-09 4.54039e-10)
(3.74297e-10 -4.09228e-09 7.46705e-13)
(3.66629e-10 -4.6809e-09 4.52904e-10)
(7.70955e-10 -4.0906e-09 4.13369e-10)
(3.69909e-10 -3.50259e-09 4.57466e-10)
(3.7907e-10 -4.09221e-09 8.25429e-10)
(-7.30995e-10 -1.74374e-09 3.52666e-10)
(4.08393e-10 -1.75391e-09 4.2834e-12)
(-8.17544e-12 -1.76071e-09 4.41837e-10)
(9.45481e-10 -1.60303e-09 5.63422e-10)
(4.2977e-10 -1.16841e-09 4.36936e-10)
(3.81734e-10 -2.33999e-09 4.59303e-10)
(-9.68148e-10 3.74174e-11 2.74602e-10)
(-9.1519e-10 5.84372e-10 5.03211e-10)
(-1.04459e-09 1.1568e-09 3.03483e-10)
(-1.05402e-09 5.87035e-10 -5.85228e-13)
(4.14289e-10 1.72863e-12 4.13032e-10)
(-1.01578e-11 5.84844e-10 3.98377e-10)
(8.71942e-10 5.7126e-10 3.49643e-10)
(4.09475e-10 1.17046e-09 3.94796e-10)
(4.30624e-10 5.91213e-10 -4.40516e-12)
(-1.0892e-09 2.3436e-09 3.56545e-10)
(-7.64244e-10 2.91952e-09 3.99237e-10)
(-1.09765e-09 3.49301e-09 3.5295e-10)
(-9.42383e-10 2.91165e-09 5.93131e-10)
(5.3872e-10 2.48269e-09 4.99402e-10)
(4.26906e-11 2.92186e-09 4.34637e-10)
(6.03553e-10 2.76259e-09 2.64776e-10)
(4.15798e-10 3.50678e-09 3.69435e-10)
(3.06566e-10 2.92656e-09 6.65298e-10)
(-1.15689e-09 5.25595e-09 -1.12189e-11)
(-1.09679e-09 4.68662e-09 3.31055e-10)
(-8.30926e-10 5.24949e-09 5.40495e-10)
(-1.02438e-09 5.81605e-09 2.62505e-10)
(1.23263e-11 5.23877e-09 3.82161e-10)
(1.94034e-10 5.08217e-09 -1.01182e-11)
(2.45953e-10 4.64029e-09 2.60752e-10)
(3.81904e-10 -5.21924e-09 -6.24158e-10)
(1.02068e-09 -5.82315e-09 -2.59581e-10)
(1.02447e-09 -6.29169e-09 1.38706e-11)
(8.59065e-10 -5.26206e-09 -5.20675e-10)
(3.90201e-10 -4.67335e-09 -4.22149e-10)
(3.4812e-10 -5.2674e-09 1.29195e-11)
(-2.87386e-12 -5.24444e-09 -3.8553e-10)
(1.10708e-09 -4.68402e-09 -3.13923e-10)
(1.15314e-09 -5.25961e-09 1.15837e-11)
(9.48696e-10 -3.93343e-09 -5.74892e-10)
(9.54997e-10 -2.91832e-09 -5.86896e-10)
(9.30473e-10 -4.24702e-09 -5.71315e-10)
(3.79757e-10 -3.50517e-09 -4.44766e-10)
(-1.58771e-10 -4.24396e-09 -5.25827e-10)
(1.11026e-09 -3.49225e-09 -3.59794e-10)
(1.18461e-09 -4.08806e-09 3.3044e-12)
(7.63414e-10 -2.91861e-09 -4.02858e-10)
(3.75841e-10 -2.33966e-09 -4.43216e-10)
(-5.00101e-11 -2.92663e-09 -4.36224e-10)
(3.72406e-10 -2.92401e-09 3.88982e-12)
(1.09076e-09 -2.34356e-09 -3.52569e-10)
(1.17444e-09 -2.91851e-09 5.34817e-12)
(-7.10016e-10 -1.75183e-09 -3.82417e-10)
(-4.34008e-10 -1.17489e-09 -4.16098e-10)
(-4.34984e-11 -1.76054e-09 -4.45782e-10)
(-4.46747e-10 -1.76268e-09 -2.59308e-11)
(-5.32733e-10 -2.37085e-09 -5.35665e-10)
(-8.75443e-10 -5.77731e-10 -3.52294e-10)
(-9.62008e-10 -4.01345e-10 1.58015e-12)
(-9.6498e-10 3.30849e-11 -2.84111e-10)
(-5.5629e-12 -5.86299e-10 -4.07095e-10)
(-4.40955e-10 -5.86107e-10 -3.19336e-12)
(-4.1923e-10 -3.02197e-12 -4.16937e-10)
(9.27681e-10 -1.9227e-09 -6.01534e-10)
(9.59349e-10 -1.58335e-09 -5.27001e-10)
(4.24863e-10 -1.1679e-09 -4.37734e-10)
(1.03452e-09 -1.15797e-09 -2.97515e-10)
(1.12803e-09 -1.75238e-09 2.29298e-12)
(8.9763e-10 -5.82331e-10 -5.25507e-10)
(4.08306e-10 -5.84053e-10 -2.89962e-12)
(4.15331e-10 3.41995e-12 -4.19372e-10)
(1.0444e-09 -5.91746e-10 2.98709e-13)
(9.69783e-10 -3.96739e-11 -2.57565e-10)
(-3.79494e-10 5.22873e-09 -6.66715e-10)
(-8.53678e-10 5.27095e-09 -5.65746e-10)
(-3.39715e-10 5.26998e-09 -8.57806e-12)
(3.8073e-11 5.23937e-09 -3.84873e-10)
(1.02973e-09 -5.82544e-09 2.87513e-10)
(8.91513e-10 -5.27663e-09 5.4234e-10)
(3.80578e-10 -5.22659e-09 6.67461e-10)
(-3.6916e-11 -5.26756e-09 3.86501e-10)
(1.08835e-09 -4.67372e-09 3.8427e-10)
(-4.18838e-10 -1.17047e-09 4.02147e-10)
(-4.01937e-10 -1.75259e-09 7.90427e-10)
(-8.72061e-10 -5.8426e-10 3.67376e-10)
(-5.53699e-12 -5.85553e-10 4.03477e-10)
(-4.18848e-10 -1.54641e-12 4.1459e-10)
(1.03718e-09 -1.159e-09 3.08776e-10)
(9.61142e-10 -1.87934e-09 5.70077e-10)
(1.09728e-09 -2.34344e-09 3.61285e-10)
(9.09684e-10 -5.84422e-10 5.01888e-10)
(9.69325e-10 -3.60605e-11 2.63279e-10)
(-4.46351e-10 1.16584e-09 4.31815e-10)
(-4.18135e-10 5.82447e-10 -4.85532e-12)
(-9.7774e-10 1.61989e-09 5.01945e-10)
(-9.13948e-10 1.91786e-09 6.15531e-10)
(-1.12903e-09 1.75188e-09 -2.47543e-12)
(1.15766e-11 1.75453e-09 4.25957e-10)
(-3.82072e-10 2.34066e-09 4.39588e-10)
(-4.17109e-10 1.75428e-09 -6.3111e-12)
(9.52953e-10 4.35219e-10 2.94847e-13)
(7.24857e-10 1.73996e-09 3.49038e-10)
(3.87938e-10 1.75376e-09 7.85824e-10)
(4.19744e-10 1.75508e-09 -4.58501e-12)
(-3.72209e-10 3.50424e-09 4.46391e-10)
(-8.89776e-10 4.25059e-09 5.92973e-10)
(-9.31954e-10 3.92702e-09 5.94051e-10)
(-3.71608e-10 4.08166e-09 7.91872e-10)
(-3.84539e-10 4.67413e-09 4.25399e-10)
(1.37499e-10 4.26189e-09 5.53553e-10)
(-3.90044e-10 5.22287e-09 6.29184e-10)
(-2.24879e-10 -4.64662e-09 -2.80194e-10)
(-1.93885e-10 -5.09496e-09 4.84347e-12)
(-2.01105e-10 -3.91114e-09 -5.58075e-10)
(-2.94044e-10 -2.91967e-09 -6.7274e-10)
(-4.12178e-10 -3.49887e-09 -3.77957e-10)
(-6.12692e-10 -2.75387e-09 -2.66976e-10)
(-2.83447e-10 1.16021e-09 -9.72292e-10)
(-4.84117e-10 5.83126e-10 -8.9667e-10)
(-9.24698e-10 1.91408e-09 -6.11749e-10)
(-4.94082e-10 1.73874e-09 -9.12783e-10)
(-6.94987e-11 1.72324e-09 -9.68683e-10)
(-9.13418e-10 5.77485e-10 -5.09692e-10)
(-1.04783e-09 1.1573e-09 -3.02289e-10)
(-4.34623e-10 1.16454e-09 -4.46127e-10)
(1.96389e-13 5.84346e-10 -4.0564e-10)
(-9.688e-10 1.59605e-09 -5.26615e-10)
(1.4972e-11 1.75117e-09 -4.35011e-10)
(3.77483e-10 1.76189e-09 -7.96338e-10)
(8.69194e-10 5.80121e-10 -3.65896e-10)
(4.14925e-10 1.17269e-09 -4.0043e-10)
(7.31634e-10 1.73997e-09 -3.55486e-10)
(1.10864e-09 -3.50129e-09 3.60347e-10)
(9.50846e-10 -4.06951e-09 5.97655e-10)
(7.6645e-10 -2.91939e-09 4.10774e-10)
(3.8399e-10 -2.93102e-09 9.12499e-10)
(9.50238e-10 -2.92134e-09 6.0105e-10)
(1.9443e-10 3.92342e-09 5.77098e-10)
(-1.11014e-09 2.91939e-09 -3.6351e-10)
(-3.64735e-10 2.91977e-09 -4.64858e-10)
(-1.12198e-09 4.07934e-09 -3.59245e-10)
(-3.54273e-10 4.09716e-09 -4.43443e-10)
(5.36471e-10 2.93563e-09 -3.6143e-10)
(3.15711e-10 4.08596e-09 -3.79748e-10)
(-3.30198e-10 -4.08174e-09 3.83294e-10)
(-4.94235e-10 -2.93777e-09 4.75517e-10)
(-9.21483e-12 4.08725e-09 -7.22063e-10)
(5.65838e-11 3.51013e-09 -4.35749e-10)
(-7.32121e-10 4.07877e-09 -7.50449e-10)
(-7.67222e-10 3.50517e-09 -4.08496e-10)
(-1.405e-11 2.91358e-09 -8.76129e-10)
(-5.25347e-10 -3.31346e-09 2.67599e-10)
(-7.29624e-10 2.9208e-09 -7.95821e-10)
(-2.65993e-10 -3.48081e-09 6.3291e-10)
(-9.59582e-10 3.50677e-09 -6.0904e-10)
(-3.77971e-10 3.5109e-09 -8.71621e-10)
(2.54477e-10 3.48542e-09 -6.40355e-10)
(-9.71533e-10 2.92108e-09 -5.95438e-10)
(3.11641e-10 2.92913e-09 -6.79934e-10)
(-3.58364e-10 2.91416e-09 -9.15119e-10)
(-9.67081e-10 4.06716e-09 -5.79781e-10)
(-3.75241e-10 4.08744e-09 -8.21628e-10)
(-7.60055e-10 2.91952e-09 -4.17346e-10)
(-1.12218e-09 3.50203e-09 -3.66437e-10)
(-3.68011e-10 3.5091e-09 -4.56725e-10)
(4.90587e-11 2.92355e-09 -4.42154e-10)
(-7.84011e-10 4.09261e-09 -4.06226e-10)
(1.75093e-10 4.26471e-09 -5.38078e-10)
(2.11141e-10 3.90829e-09 -5.98602e-10)
(6.09597e-10 2.72959e-09 -2.74639e-10)
(4.22203e-10 3.50006e-09 -3.85209e-10)
(-4.50318e-10 -3.48153e-09 3.77452e-10)
(-2.18624e-10 -3.93078e-09 5.84533e-10)
(-5.92307e-10 -2.88678e-09 2.93003e-10)
(-3.11571e-10 -2.92432e-09 6.98142e-10)
)


// ************************************************************************* //
