/*--------------------------------*- C++ -*----------------------------------*\
| =========                 |                                                 |
| \\      /  F ield         | OpenFOAM: The Open Source CFD Toolbox           |
|  \\    /   O peration     | Version:  v2012                                 |
|   \\  /    A nd           | Website:  www.openfoam.com                      |
|    \\/     M anipulation  |                                                 |
\*---------------------------------------------------------------------------*/
FoamFile
{
    version     2.0;
    format      ascii;
    class       labelList;
    location    "constant/ellipse/polyMesh";
    object      pointRegionAddressing;
}
// * * * * * * * * * * * * * * * * * * * * * * * * * * * * * * * * * * * * * //


626
(
6793
6814
6835
6856
6877
13671
13672
13673
13674
13675
13676
13677
13678
13679
13680
13681
13682
13690
13698
13704
13710
13714
13715
13719
13720
13721
13724
13727
13728
13729
13732
13735
13736
13737
13740
13743
13744
13745
13747
13750
13751
13752
13785
13786
13787
13790
13791
13793
13794
13795
13797
13798
13799
13800
13801
13802
13806
13810
13812
13813
13815
13816
13819
13822
13823
13826
13829
13830
13842
13843
13844
13850
13851
13860
13863
13864
13865
13866
13867
13868
13869
13870
13871
13872
13874
13908
13914
13919
13945
13946
13965
13966
13982
13988
13996
14026
14027
14029
14030
14032
14033
14034
14036
14037
14038
14040
14042
14043
14045
14046
14047
14049
14050
14051
14053
14054
14055
14057
14058
14060
14061
14063
14064
14077
14078
14079
14080
14081
14086
14087
14088
14093
14094
14095
14096
14097
14098
14101
14102
14103
14104
14105
14106
14107
14108
14109
14111
14112
14113
14114
14115
14116
14117
14122
14131
14170
14174
14177
14182
14183
14185
14186
14188
14189
14190
14192
14193
14204
14210
14215
14218
14221
14222
14223
14225
14228
14229
14230
14238
14243
14271
14272
14274
14275
14276
14278
14279
14281
14284
14285
14286
14287
14288
14289
14290
14291
14293
14294
14295
14297
14299
14300
14301
14303
14304
14306
14307
14309
14310
14313
14314
14330
14333
14340
14344
14347
14348
14351
14352
14355
14356
14363
14364
14365
14366
14367
14368
14369
14371
14372
14373
14374
14375
14376
14377
14379
14380
14381
14382
14383
14385
14386
14387
14389
14390
14391
14392
14393
14394
14395
14396
14399
14400
14401
14403
14404
14408
14410
14412
14413
14415
14416
14417
14418
14419
14421
14422
14423
14425
14430
14431
14432
14433
14437
14507
14534
14535
14536
14537
14538
14539
14543
14556
14557
14558
14559
14560
14561
14565
14575
14578
14579
14580
14581
14582
14583
14587
14596
14600
14601
14602
14603
14604
14605
14617
14620
14621
14622
14623
14624
14625
14691
14692
14693
14694
14696
14698
14700
14702
14704
14705
14707
14709
14711
14713
14714
14715
14716
14717
14730
14731
14732
14742
14749
14757
14761
14762
14771
14775
14776
14777
14778
14779
14780
14781
14782
14783
14784
14786
14788
14791
14793
14794
14795
14796
14802
14803
14804
14805
14806
14807
14808
14809
14810
14811
14813
14815
14818
14819
14820
14821
14822
14828
14829
14830
14831
14832
14833
14834
14835
14842
14843
14844
14845
14846
14849
14851
14852
14853
14854
14855
14856
14857
14858
14862
14863
14864
14865
14871
14872
14873
14899
14901
14902
14903
14904
14905
14910
14911
14913
14927
14928
14930
14932
14943
14944
14959
14963
14966
14967
14968
15059
15087
15089
15090
15099
15101
15103
15104
15105
15106
15107
15109
15110
15111
15113
15115
15117
15119
15147
15150
15152
15154
15155
15156
15159
15160
15161
15162
15163
15175
15178
15179
15180
15181
15182
15193
15194
15195
15197
15198
15199
15200
15201
15202
15213
15214
15215
15216
15217
15218
15219
15220
15221
15231
15232
15233
15234
15236
15237
15238
15271
15274
15275
15277
15278
15279
15280
15281
15282
15283
15284
15285
15286
15287
15288
15289
15290
15291
15292
15293
15294
15295
15297
15300
15301
15302
15303
15304
15305
15306
15307
15308
15309
15310
15312
15313
15314
15315
15316
15317
15318
15319
15320
15322
15323
15325
15326
15327
15330
15331
15332
15334
15339
15340
15341
15343
15344
15347
15348
15349
15350
15352
15353
15354
15355
15356
15357
15358
15359
15360
15363
15364
15365
15366
15373
15374
15375
15376
15377
15378
15383
15398
15399
15401
15404
15407
15408
15409
15410
15412
15413
15414
15415
15416
15417
15418
15419
15420
15423
15425
15426
15428
15444
15445
15446
15447
15448
15455
15480
15481
15482
15483
15484
15486
15487
15489
15534
15537
15545
15546
15553
15562
15563
15568
15570
15571
15573
15589
15593
15645
15647
15648
15650
15651
15652
15653
15654
15655
15657
15658
15659
15662
15663
15664
15666
)


// ************************************************************************* //
