/*--------------------------------*- C++ -*----------------------------------*\
| =========                 |                                                 |
| \\      /  F ield         | OpenFOAM: The Open Source CFD Toolbox           |
|  \\    /   O peration     | Version:  v2012                                 |
|   \\  /    A nd           | Website:  www.openfoam.com                      |
|    \\/     M anipulation  |                                                 |
\*---------------------------------------------------------------------------*/
FoamFile
{
    version     2.0;
    format      ascii;
    class       regIOobject;
    location    "constant/polyMesh";
    object      faceZones;
}
// * * * * * * * * * * * * * * * * * * * * * * * * * * * * * * * * * * * * * //

1
(
ellipse_to_fluid
{
    type faceZone;
faceLabels      List<label> 
462
(
16988
17074
18805
18806
19049
19135
19225
19231
19232
19233
35538
35539
35557
35580
35593
35609
35626
35640
35653
35665
35685
35703
35704
35716
35747
35774
35778
35787
35790
35801
35817
35831
35843
35847
35860
35886
35924
35925
36168
36169
36170
36197
36199
36211
36213
36221
36225
36227
36228
36234
36236
36241
36253
36256
36265
36291
36378
36379
36380
36494
36495
36496
36530
36534
36537
36539
36540
36542
36545
36560
36569
36596
36597
36930
36932
36939
36941
36942
36943
36946
36959
36970
36975
36977
36983
36994
37001
37002
37004
37006
37009
37018
37026
37030
37032
37035
37043
37050
37054
37064
37069
37070
37084
37085
37092
37096
37097
37100
37108
37111
37115
37119
37131
37133
37139
37142
37144
37147
37148
37154
37159
37164
37168
37171
37174
37177
37187
37192
37195
37197
37205
37210
37218
37221
37224
37225
37227
37228
37238
37240
37245
37247
37250
37257
37261
37264
37271
37276
37285
37287
37292
37295
37299
37301
37303
37304
37305
37602
37614
37618
37620
37788
37793
37796
37798
37801
37809
37901
37910
37949
37951
38058
38059
38111
38112
38120
38124
38126
38214
38220
38231
38233
38241
38343
38346
38350
38354
38368
38376
38392
38396
38478
38481
38487
38492
38502
38506
38507
38509
38512
38516
38520
38522
38525
38528
38592
38595
38599
38603
38617
38624
38629
38763
38775
38782
38786
38795
38799
38810
38813
38814
38817
38818
38821
38828
38834
38842
38845
38861
38869
38874
38875
38878
38883
38887
38919
38922
38924
38929
38939
38944
38953
38963
38965
38969
38973
38990
39001
39002
39008
39011
39034
39048
39050
39053
39061
39065
39074
39086
39092
39100
39103
39115
39126
39130
39137
39138
39143
39148
39150
39151
39155
39158
39159
39165
39168
39172
39177
39180
39196
39198
39199
39201
39202
39206
39208
39209
39213
39214
39215
39219
39223
39232
39261
39270
39273
39274
39276
39280
39285
39286
39292
39295
39328
39329
39336
39340
39347
39354
39363
39364
39368
39372
39399
39401
39402
39404
39413
39421
39445
39446
39466
39467
39473
39477
39478
39480
39481
39482
39535
39536
39538
39539
39544
39555
39560
39571
39573
39575
39577
39600
39601
39605
39607
39608
39609
39611
39615
39618
39712
39714
39722
39726
39729
39731
39750
39767
39769
39771
39772
39774
39777
39782
39786
39789
39791
39794
39824
39827
39829
39831
39839
39841
39842
39845
39846
39852
39855
39860
39862
39866
39888
39895
39898
39899
39901
39925
39935
39938
39939
39951
39953
39956
39963
39964
39983
39986
39989
39993
39994
40111
40115
40122
40123
40125
40137
40143
40146
40147
40149
40154
40160
40161
40162
40218
40220
40223
40224
40295
40308
40516
40518
40523
40531
40537
40540
40544
40550
40555
40562
40568
40569
40572
40592
40596
40604
40607
40609
40614
40624
40625
40626
40627
40630
40637
40655
40657
40667
40670
40671
40675
40681
40686
40688
40694
40703
40711
40713
40715
40718
40719
40720
)
;
flipMap         List<bool> 
462
(
1
1
1
1
1
1
1
0
0
0
1
1
1
1
1
1
1
1
1
1
1
1
1
1
1
1
1
1
1
1
1
1
1
1
1
1
1
1
0
0
0
0
0
1
1
1
0
0
0
1
0
1
1
1
1
1
0
0
0
0
0
0
1
1
0
0
0
0
0
1
1
0
0
1
1
0
0
0
0
0
1
1
1
1
1
1
1
1
1
1
1
0
1
1
1
1
0
1
1
1
1
1
1
1
0
0
0
0
1
1
0
1
0
1
1
1
0
0
0
1
1
0
1
1
0
1
1
1
1
0
1
1
1
1
0
0
0
1
0
1
1
1
0
1
1
0
1
1
1
1
1
1
0
0
0
0
0
1
1
1
1
0
1
1
1
1
0
1
1
0
0
0
0
0
0
0
0
0
1
1
1
1
0
1
1
0
1
1
0
0
0
0
0
1
1
0
0
0
0
0
0
0
1
0
0
1
1
0
1
1
1
1
1
1
1
1
1
1
0
0
0
0
0
0
0
1
1
0
0
0
0
0
0
0
1
0
0
1
1
0
1
1
1
0
0
0
1
0
0
1
1
0
1
1
1
1
0
0
0
1
1
0
1
1
1
1
1
0
1
1
1
0
0
0
0
0
1
1
1
0
0
0
0
0
0
0
0
0
0
1
1
0
1
0
0
0
0
0
1
0
0
1
1
1
1
1
1
0
0
0
1
1
0
1
1
1
1
1
0
0
0
0
0
0
0
0
0
0
0
0
0
0
1
0
1
0
0
0
0
0
0
0
0
0
0
0
1
1
1
1
1
1
0
0
0
1
0
0
0
0
0
1
0
1
1
1
1
1
1
1
1
0
0
0
0
1
0
1
1
0
1
1
0
1
1
1
1
1
1
1
0
0
0
0
0
0
0
0
0
0
1
1
0
0
0
0
0
0
0
1
1
0
0
0
0
1
0
0
1
1
1
1
1
1
1
1
1
1
1
1
0
0
0
1
1
0
0
0
0
0
0
0
0
0
1
1
0
1
0
0
1
1
0
0
1
1
0
0
0
0
0
0
)
;
}
)

// ************************************************************************* //
