/*--------------------------------*- C++ -*----------------------------------*\
| =========                 |                                                 |
| \\      /  F ield         | OpenFOAM: The Open Source CFD Toolbox           |
|  \\    /   O peration     | Version:  v2012                                 |
|   \\  /    A nd           | Website:  www.openfoam.com                      |
|    \\/     M anipulation  |                                                 |
\*---------------------------------------------------------------------------*/
FoamFile
{
    version     2.0;
    format      ascii;
    class       faceSet;
    location    "constant/polyMesh/sets";
    object      wrongFaces;
}
// * * * * * * * * * * * * * * * * * * * * * * * * * * * * * * * * * * * * * //


371
(
208907
196667
143424
176193
143445
159835
208991
188514
159852
200814
221305
151677
127119
184466
221335
118940
200890
213199
143570
221397
139484
184559
209156
127245
196879
221464
188698
184603
213276
213277
180509
119078
114990
196916
127284
176444
176464
160080
209233
160083
106835
151907
188776
184696
197002
217493
176538
143770
127388
188857
221627
197051
160188
106950
197072
106962
119259
225758
115197
168463
33318
102951
180797
115265
119364
127607
119419
168574
156299
180886
180890
197281
156328
45744
139957
168631
213717
213720
209641
176881
180995
221980
209703
176936
176939
119604
148305
140158
148352
177032
177042
168862
140217
213946
222153
226251
103384
123882
214021
107534
103438
111634
177177
209969
164914
107571
103482
181331
181368
169081
132226
210060
197786
160922
210078
156835
214202
226510
214222
107735
181465
165104
156921
124154
193787
161026
115975
111900
103717
181547
222509
181561
214331
210252
181590
210270
116068
214404
157063
181654
169376
214459
210363
177616
116194
214513
165363
181756
161310
214563
226875
124484
214608
165470
210530
214627
42629
177829
116441
181982
214761
214783
116480
59137
177923
169742
177935
227104
210720
177966
165705
182097
153436
206693
206718
190348
178071
210855
182183
34736
190392
42941
214991
157673
215040
47129
38944
38964
34891
206924
202833
153682
178259
153690
182390
137341
137343
145541
112778
120976
157856
153778
121015
170173
207044
170187
215267
178406
157928
112872
215288
178424
182540
166167
121122
137509
125228
166193
129357
170321
190814
112999
182638
182645
121207
194936
113020
207229
174477
137619
170394
141743
170421
145846
215482
203218
137694
207329
195041
170475
215535
162293
162307
215571
195091
236073
219689
215595
109117
121411
100936
219734
207461
215658
113272
146068
113342
182986
150243
207590
170735
215796
154361
183040
150275
215833
162592
113442
162599
219950
121651
183099
154440
203635
215959
109467
175004
162737
154557
170943
203716
207830
175062
162783
203744
203787
150558
142383
220217
142394
175177
207952
121946
220262
121973
183422
154751
220293
109705
171152
220324
208039
146608
175283
216263
203982
187607
175339
183539
220419
216343
208151
220447
208185
216389
204111
109904
122201
216444
187787
175499
105873
175510
109976
142750
216482
64932
142780
196049
171488
212454
183797
118266
146959
106023
183851
187959
171583
175689
175732
183951
106127
204437
155291
122552
216770
130772
151264
106212
216812
52976
188166
204556
175899
118555
188200
57129
130868
151369
171862
221019
188267
175979
184207
188304
188378
126941
196578
188389
184312
188412
)


// ************************************************************************* //
